[
    [
        "0.0",
        "172.4",
        "54.4",
        "156.6",
        "108.7",
        "139.9",
        "148.8"
    ],
    [
        "172.4",
        "0.0",
        "205.3",
        "39.6",
        "73.6",
        "96.6",
        "175.1"
    ],
    [
        "54.4",
        "205.3",
        "0.0",
        "189.5",
        "138.0",
        "194.2",
        "94.4"
    ],
    [
        "156.6",
        "39.6",
        "189.5",
        "0.0",
        "55.1",
        "131.1",
        "212.7"
    ],
    [
        "108.7",
        "73.6",
        "138.0",
        "55.1",
        "0.0",
        "131.1",
        "212.0"
    ],
    [
        "139.9",
        "96.6",
        "194.2",
        "131.1",
        "131.1",
        "0.0",
        "266.9"
    ],
    [
        "148.8",
        "175.1",
        "94.4",
        "212.7",
        "212.0",
        "266.9",
        "0.0"
    ]
]