[
    [
        "0.0",
        "175.1",
        "56.3",
        "160.2",
        "112.3",
        "141.2",
        "152.0"
    ],
    [
        "175.1",
        "0.0",
        "216.5",
        "41.8",
        "76.2",
        "98.4",
        "189.8"
    ],
    [
        "56.3",
        "216.5",
        "0.0",
        "193.1",
        "151.7",
        "196.3",
        "97.5"
    ],
    [
        "160.2",
        "41.8",
        "193.1",
        "0.0",
        "55.8",
        "132.8",
        "216.9"
    ],
    [
        "112.3",
        "76.2",
        "151.7",
        "55.8",
        "0.0",
        "132.8",
        "216.1"
    ],
    [
        "141.2",
        "98.4",
        "196.3",
        "132.8",
        "132.8",
        "0.0",
        "268.6"
    ],
    [
        "152.0",
        "189.8",
        "97.5",
        "216.9",
        "216.1",
        "268.6",
        "0.0"
    ]
]