[
    [
        "0.0",
        "173.7",
        "55.8",
        "158.1",
        "109.5",
        "140.5",
        "150.5"
    ],
    [
        "173.7",
        "0.0",
        "208.8",
        "40.5",
        "75.3",
        "97.4",
        "177.8"
    ],
    [
        "55.8",
        "208.8",
        "0.0",
        "192.8",
        "142.7",
        "195.8",
        "96.6"
    ],
    [
        "158.1",
        "40.5",
        "192.8",
        "0.0",
        "55.5",
        "132.0",
        "214.7"
    ],
    [
        "109.5",
        "75.3",
        "142.7",
        "55.5",
        "0.0",
        "132.0",
        "213.3"
    ],
    [
        "140.5",
        "97.4",
        "195.8",
        "132.0",
        "132.0",
        "0.0",
        "267.9"
    ],
    [
        "150.5",
        "177.8",
        "96.6",
        "214.7",
        "213.3",
        "267.9",
        "0.0"
    ]
]