[
    [
        "0.0",
        "172.8",
        "54.9",
        "156.9",
        "108.8",
        "140.1",
        "149.3"
    ],
    [
        "172.8",
        "0.0",
        "206.0",
        "39.8",
        "74.2",
        "96.8",
        "175.5"
    ],
    [
        "54.9",
        "206.0",
        "0.0",
        "191.2",
        "139.1",
        "194.9",
        "95.3"
    ],
    [
        "156.9",
        "39.8",
        "191.2",
        "0.0",
        "55.2",
        "131.3",
        "213.2"
    ],
    [
        "108.8",
        "74.2",
        "139.1",
        "55.2",
        "0.0",
        "131.3",
        "212.3"
    ],
    [
        "140.1",
        "96.8",
        "194.9",
        "131.3",
        "131.3",
        "0.0",
        "267.2"
    ],
    [
        "149.3",
        "175.5",
        "95.3",
        "213.2",
        "212.3",
        "267.2",
        "0.0"
    ]
]