[
    [
        "0.0",
        "175.8",
        "56.4",
        "160.6",
        "112.7",
        "141.5",
        "152.2"
    ],
    [
        "175.8",
        "0.0",
        "219.0",
        "42.2",
        "76.8",
        "99.0",
        "197.6"
    ],
    [
        "56.4",
        "219.0",
        "0.0",
        "193.1",
        "158.3",
        "196.3",
        "97.7"
    ],
    [
        "160.6",
        "42.2",
        "193.1",
        "0.0",
        "55.8",
        "133.0",
        "217.3"
    ],
    [
        "112.7",
        "76.8",
        "158.3",
        "55.8",
        "0.0",
        "133.0",
        "217.9"
    ],
    [
        "141.5",
        "99.0",
        "196.3",
        "133.0",
        "133.0",
        "0.0",
        "268.8"
    ],
    [
        "152.2",
        "197.6",
        "97.7",
        "217.3",
        "217.9",
        "268.8",
        "0.0"
    ]
]