[
    [
        "0.0",
        "175.2",
        "56.3",
        "160.3",
        "112.4",
        "141.2",
        "152.0"
    ],
    [
        "175.2",
        "0.0",
        "217.0",
        "41.9",
        "76.3",
        "98.5",
        "191.4"
    ],
    [
        "56.3",
        "217.0",
        "0.0",
        "193.1",
        "153.1",
        "196.3",
        "97.5"
    ],
    [
        "160.3",
        "41.9",
        "193.1",
        "0.0",
        "55.8",
        "132.8",
        "217.0"
    ],
    [
        "112.4",
        "76.3",
        "153.1",
        "55.8",
        "0.0",
        "132.8",
        "216.5"
    ],
    [
        "141.2",
        "98.5",
        "196.3",
        "132.8",
        "132.8",
        "0.0",
        "268.6"
    ],
    [
        "152.0",
        "191.4",
        "97.5",
        "217.0",
        "216.5",
        "268.6",
        "0.0"
    ]
]