[
    [
        "0.0",
        "174.0",
        "55.9",
        "158.8",
        "110.5",
        "140.7",
        "151.1"
    ],
    [
        "174.0",
        "0.0",
        "211.0",
        "40.9",
        "75.5",
        "97.6",
        "180.3"
    ],
    [
        "55.9",
        "211.0",
        "0.0",
        "193.0",
        "144.5",
        "196.0",
        "96.9"
    ],
    [
        "158.8",
        "40.9",
        "193.0",
        "0.0",
        "55.6",
        "132.3",
        "215.5"
    ],
    [
        "110.5",
        "75.5",
        "144.5",
        "55.6",
        "0.0",
        "132.3",
        "213.9"
    ],
    [
        "140.7",
        "97.6",
        "196.0",
        "132.3",
        "132.3",
        "0.0",
        "268.1"
    ],
    [
        "151.1",
        "180.3",
        "96.9",
        "215.5",
        "213.9",
        "268.1",
        "0.0"
    ]
]