[
    [
        "0.0",
        "175.6",
        "56.3",
        "160.4",
        "112.5",
        "141.4",
        "152.1"
    ],
    [
        "175.6",
        "0.0",
        "218.2",
        "42.1",
        "76.6",
        "98.9",
        "195.7"
    ],
    [
        "56.3",
        "218.2",
        "0.0",
        "193.1",
        "156.7",
        "196.3",
        "97.6"
    ],
    [
        "160.4",
        "42.1",
        "193.1",
        "0.0",
        "55.8",
        "132.9",
        "217.2"
    ],
    [
        "112.5",
        "76.6",
        "156.7",
        "55.8",
        "0.0",
        "132.9",
        "217.4"
    ],
    [
        "141.4",
        "98.9",
        "196.3",
        "132.9",
        "132.9",
        "0.0",
        "268.8"
    ],
    [
        "152.1",
        "195.7",
        "97.6",
        "217.2",
        "217.4",
        "268.8",
        "0.0"
    ]
]