[
    [
        "0.0",
        "174.0",
        "56.0",
        "158.9",
        "110.6",
        "140.7",
        "151.1"
    ],
    [
        "174.0",
        "0.0",
        "211.1",
        "40.9",
        "75.5",
        "97.6",
        "180.5"
    ],
    [
        "56.0",
        "211.1",
        "0.0",
        "193.0",
        "144.6",
        "196.0",
        "96.9"
    ],
    [
        "158.9",
        "40.9",
        "193.0",
        "0.0",
        "55.6",
        "132.3",
        "215.5"
    ],
    [
        "110.6",
        "75.5",
        "144.6",
        "55.6",
        "0.0",
        "132.3",
        "214.0"
    ],
    [
        "140.7",
        "97.6",
        "196.0",
        "132.3",
        "132.3",
        "0.0",
        "268.1"
    ],
    [
        "151.1",
        "180.5",
        "96.9",
        "215.5",
        "214.0",
        "268.1",
        "0.0"
    ]
]