[
    [
        "0.0",
        "173.4",
        "55.6",
        "157.6",
        "109.0",
        "140.4",
        "150.0"
    ],
    [
        "173.4",
        "0.0",
        "207.4",
        "40.2",
        "75.0",
        "97.2",
        "176.6"
    ],
    [
        "55.6",
        "207.4",
        "0.0",
        "192.6",
        "141.3",
        "195.6",
        "96.3"
    ],
    [
        "157.6",
        "40.2",
        "192.6",
        "0.0",
        "55.4",
        "131.8",
        "214.1"
    ],
    [
        "109.0",
        "75.0",
        "141.3",
        "55.4",
        "0.0",
        "131.8",
        "212.9"
    ],
    [
        "140.4",
        "97.2",
        "195.6",
        "131.8",
        "131.8",
        "0.0",
        "267.7"
    ],
    [
        "150.0",
        "176.6",
        "96.3",
        "214.1",
        "212.9",
        "267.7",
        "0.0"
    ]
]