[
    [
        "0.0",
        "173.6",
        "55.7",
        "157.9",
        "109.2",
        "140.5",
        "150.3"
    ],
    [
        "173.6",
        "0.0",
        "208.2",
        "40.4",
        "75.2",
        "97.4",
        "177.3"
    ],
    [
        "55.7",
        "208.2",
        "0.0",
        "192.7",
        "142.2",
        "195.8",
        "96.5"
    ],
    [
        "157.9",
        "40.4",
        "192.7",
        "0.0",
        "55.5",
        "131.9",
        "214.5"
    ],
    [
        "109.2",
        "75.2",
        "142.2",
        "55.5",
        "0.0",
        "131.9",
        "213.2"
    ],
    [
        "140.5",
        "97.4",
        "195.8",
        "131.9",
        "131.9",
        "0.0",
        "267.9"
    ],
    [
        "150.3",
        "177.3",
        "96.5",
        "214.5",
        "213.2",
        "267.9",
        "0.0"
    ]
]