[
    [
        "0.0",
        "175.7",
        "56.3",
        "160.5",
        "112.6",
        "141.4",
        "152.1"
    ],
    [
        "175.7",
        "0.0",
        "218.4",
        "42.1",
        "76.7",
        "98.9",
        "196.3"
    ],
    [
        "56.3",
        "218.4",
        "0.0",
        "193.1",
        "157.2",
        "196.3",
        "97.7"
    ],
    [
        "160.5",
        "42.1",
        "193.1",
        "0.0",
        "55.8",
        "132.9",
        "217.2"
    ],
    [
        "112.6",
        "76.7",
        "157.2",
        "55.8",
        "0.0",
        "132.9",
        "217.6"
    ],
    [
        "141.4",
        "98.9",
        "196.3",
        "132.9",
        "132.9",
        "0.0",
        "268.8"
    ],
    [
        "152.1",
        "196.3",
        "97.7",
        "217.2",
        "217.6",
        "268.8",
        "0.0"
    ]
]