[
    [
        "0.0",
        "173.8",
        "55.8",
        "158.3",
        "109.7",
        "140.6",
        "150.7"
    ],
    [
        "173.8",
        "0.0",
        "209.3",
        "40.6",
        "75.3",
        "97.5",
        "178.3"
    ],
    [
        "55.8",
        "209.3",
        "0.0",
        "192.9",
        "143.0",
        "195.9",
        "96.7"
    ],
    [
        "158.3",
        "40.6",
        "192.9",
        "0.0",
        "55.5",
        "132.1",
        "214.9"
    ],
    [
        "109.7",
        "75.3",
        "143.0",
        "55.5",
        "0.0",
        "132.1",
        "213.4"
    ],
    [
        "140.6",
        "97.5",
        "195.9",
        "132.1",
        "132.1",
        "0.0",
        "267.9"
    ],
    [
        "150.7",
        "178.3",
        "96.7",
        "214.9",
        "213.4",
        "267.9",
        "0.0"
    ]
]