[
    [
        "0.0",
        "174.8",
        "56.2",
        "160.0",
        "112.1",
        "141.1",
        "151.9"
    ],
    [
        "174.8",
        "0.0",
        "215.6",
        "41.7",
        "76.1",
        "98.1",
        "187.3"
    ],
    [
        "56.2",
        "215.6",
        "0.0",
        "193.1",
        "149.6",
        "196.3",
        "97.4"
    ],
    [
        "160.0",
        "41.7",
        "193.1",
        "0.0",
        "55.7",
        "132.7",
        "216.7"
    ],
    [
        "112.1",
        "76.1",
        "149.6",
        "55.7",
        "0.0",
        "132.7",
        "215.6"
    ],
    [
        "141.1",
        "98.1",
        "196.3",
        "132.7",
        "132.7",
        "0.0",
        "268.4"
    ],
    [
        "151.9",
        "187.3",
        "97.4",
        "216.7",
        "215.6",
        "268.4",
        "0.0"
    ]
]