[
    [
        "0.0",
        "175.8",
        "56.4",
        "160.7",
        "112.8",
        "141.5",
        "152.2"
    ],
    [
        "175.8",
        "0.0",
        "219.3",
        "42.2",
        "76.8",
        "99.0",
        "197.3"
    ],
    [
        "56.4",
        "219.3",
        "0.0",
        "193.1",
        "157.9",
        "196.3",
        "97.8"
    ],
    [
        "160.7",
        "42.2",
        "193.1",
        "0.0",
        "55.8",
        "133.0",
        "217.4"
    ],
    [
        "112.8",
        "76.8",
        "157.9",
        "55.8",
        "0.0",
        "133.0",
        "217.8"
    ],
    [
        "141.5",
        "99.0",
        "196.3",
        "133.0",
        "133.0",
        "0.0",
        "268.9"
    ],
    [
        "152.2",
        "197.3",
        "97.8",
        "217.4",
        "217.8",
        "268.9",
        "0.0"
    ]
]