[
    [
        "0.0",
        "172.7",
        "54.8",
        "156.8",
        "108.7",
        "140.1",
        "149.1"
    ],
    [
        "172.7",
        "0.0",
        "205.8",
        "39.7",
        "74.0",
        "96.7",
        "175.4"
    ],
    [
        "54.8",
        "205.8",
        "0.0",
        "190.6",
        "138.7",
        "194.7",
        "95.0"
    ],
    [
        "156.8",
        "39.7",
        "190.6",
        "0.0",
        "55.2",
        "131.2",
        "213.0"
    ],
    [
        "108.7",
        "74.0",
        "138.7",
        "55.2",
        "0.0",
        "131.2",
        "212.2"
    ],
    [
        "140.1",
        "96.7",
        "194.7",
        "131.2",
        "131.2",
        "0.0",
        "267.1"
    ],
    [
        "149.1",
        "175.4",
        "95.0",
        "213.0",
        "212.2",
        "267.1",
        "0.0"
    ]
]