[
    [
        "0.0",
        "173.2",
        "55.4",
        "157.3",
        "108.9",
        "140.3",
        "149.7"
    ],
    [
        "173.2",
        "0.0",
        "206.9",
        "40.0",
        "74.7",
        "97.1",
        "176.1"
    ],
    [
        "55.4",
        "206.9",
        "0.0",
        "192.3",
        "140.5",
        "195.4",
        "96.0"
    ],
    [
        "157.3",
        "40.0",
        "192.3",
        "0.0",
        "55.3",
        "131.6",
        "213.8"
    ],
    [
        "108.9",
        "74.7",
        "140.5",
        "55.3",
        "0.0",
        "131.6",
        "212.7"
    ],
    [
        "140.3",
        "97.1",
        "195.4",
        "131.6",
        "131.6",
        "0.0",
        "267.6"
    ],
    [
        "149.7",
        "176.1",
        "96.0",
        "213.8",
        "212.7",
        "267.6",
        "0.0"
    ]
]