[
    [
        "0.0",
        "175.5",
        "56.3",
        "160.4",
        "112.5",
        "141.3",
        "152.1"
    ],
    [
        "175.5",
        "0.0",
        "217.7",
        "42.0",
        "76.5",
        "98.7",
        "194.1"
    ],
    [
        "56.3",
        "217.7",
        "0.0",
        "193.1",
        "155.3",
        "196.3",
        "97.6"
    ],
    [
        "160.4",
        "42.0",
        "193.1",
        "0.0",
        "55.8",
        "132.9",
        "217.1"
    ],
    [
        "112.5",
        "76.5",
        "155.3",
        "55.8",
        "0.0",
        "132.9",
        "217.1"
    ],
    [
        "141.3",
        "98.7",
        "196.3",
        "132.9",
        "132.9",
        "0.0",
        "268.7"
    ],
    [
        "152.1",
        "194.1",
        "97.6",
        "217.1",
        "217.1",
        "268.7",
        "0.0"
    ]
]