[
    [
        "0.0",
        "174.3",
        "56.0",
        "159.3",
        "111.2",
        "140.8",
        "151.5"
    ],
    [
        "174.3",
        "0.0",
        "212.7",
        "41.2",
        "75.7",
        "97.8",
        "182.6"
    ],
    [
        "56.0",
        "212.7",
        "0.0",
        "193.0",
        "146.1",
        "196.1",
        "97.1"
    ],
    [
        "159.3",
        "41.2",
        "193.0",
        "0.0",
        "55.7",
        "132.5",
        "215.9"
    ],
    [
        "111.2",
        "75.7",
        "146.1",
        "55.7",
        "0.0",
        "132.5",
        "214.5"
    ],
    [
        "140.8",
        "97.8",
        "196.1",
        "132.5",
        "132.5",
        "0.0",
        "268.2"
    ],
    [
        "151.5",
        "182.6",
        "97.1",
        "215.9",
        "214.5",
        "268.2",
        "0.0"
    ]
]