[
    [
        "0.0",
        "174.1",
        "56.0",
        "158.9",
        "110.7",
        "140.7",
        "151.2"
    ],
    [
        "174.1",
        "0.0",
        "211.4",
        "41.0",
        "75.5",
        "97.6",
        "180.8"
    ],
    [
        "56.0",
        "211.4",
        "0.0",
        "193.0",
        "144.8",
        "196.0",
        "96.9"
    ],
    [
        "158.9",
        "41.0",
        "193.0",
        "0.0",
        "55.6",
        "132.3",
        "215.6"
    ],
    [
        "110.7",
        "75.5",
        "144.8",
        "55.6",
        "0.0",
        "132.3",
        "214.0"
    ],
    [
        "140.7",
        "97.6",
        "196.0",
        "132.3",
        "132.3",
        "0.0",
        "268.1"
    ],
    [
        "151.2",
        "180.8",
        "96.9",
        "215.6",
        "214.0",
        "268.1",
        "0.0"
    ]
]