[
    [
        "0.0",
        "175.7",
        "56.4",
        "160.5",
        "112.6",
        "141.5",
        "152.2"
    ],
    [
        "175.7",
        "0.0",
        "218.6",
        "42.1",
        "76.7",
        "99.0",
        "196.9"
    ],
    [
        "56.4",
        "218.6",
        "0.0",
        "193.1",
        "157.7",
        "196.3",
        "97.7"
    ],
    [
        "160.5",
        "42.1",
        "193.1",
        "0.0",
        "55.8",
        "132.9",
        "217.2"
    ],
    [
        "112.6",
        "76.7",
        "157.7",
        "55.8",
        "0.0",
        "132.9",
        "217.7"
    ],
    [
        "141.5",
        "99.0",
        "196.3",
        "132.9",
        "132.9",
        "0.0",
        "268.8"
    ],
    [
        "152.2",
        "196.9",
        "97.7",
        "217.2",
        "217.7",
        "268.8",
        "0.0"
    ]
]