[
    [
        "0.0",
        "174.4",
        "56.1",
        "159.5",
        "111.4",
        "140.9",
        "151.6"
    ],
    [
        "174.4",
        "0.0",
        "213.3",
        "41.3",
        "75.7",
        "97.8",
        "183.6"
    ],
    [
        "56.1",
        "213.3",
        "0.0",
        "193.1",
        "146.8",
        "196.2",
        "97.1"
    ],
    [
        "159.5",
        "41.3",
        "193.1",
        "0.0",
        "55.7",
        "132.5",
        "216.1"
    ],
    [
        "111.4",
        "75.7",
        "146.8",
        "55.7",
        "0.0",
        "132.5",
        "214.7"
    ],
    [
        "140.9",
        "97.8",
        "196.2",
        "132.5",
        "132.5",
        "0.0",
        "268.2"
    ],
    [
        "151.6",
        "183.6",
        "97.1",
        "216.1",
        "214.7",
        "268.2",
        "0.0"
    ]
]