[
    [
        "0.0",
        "173.6",
        "55.7",
        "157.8",
        "109.1",
        "140.5",
        "150.2"
    ],
    [
        "173.6",
        "0.0",
        "208.0",
        "40.3",
        "75.1",
        "97.3",
        "177.0"
    ],
    [
        "55.7",
        "208.0",
        "0.0",
        "192.7",
        "141.9",
        "195.7",
        "96.5"
    ],
    [
        "157.8",
        "40.3",
        "192.7",
        "0.0",
        "55.4",
        "131.9",
        "214.4"
    ],
    [
        "109.1",
        "75.1",
        "141.9",
        "55.4",
        "0.0",
        "131.9",
        "213.1"
    ],
    [
        "140.5",
        "97.3",
        "195.7",
        "131.9",
        "131.9",
        "0.0",
        "267.8"
    ],
    [
        "150.2",
        "177.0",
        "96.5",
        "214.4",
        "213.1",
        "267.8",
        "0.0"
    ]
]