[
    [
        "0.0",
        "174.2",
        "56.0",
        "159.2",
        "111.0",
        "140.8",
        "151.3"
    ],
    [
        "174.2",
        "0.0",
        "212.1",
        "41.1",
        "75.6",
        "97.7",
        "181.8"
    ],
    [
        "56.0",
        "212.1",
        "0.0",
        "193.0",
        "145.5",
        "196.1",
        "97.0"
    ],
    [
        "159.2",
        "41.1",
        "193.0",
        "0.0",
        "55.7",
        "132.4",
        "215.8"
    ],
    [
        "111.0",
        "75.6",
        "145.5",
        "55.7",
        "0.0",
        "132.4",
        "214.3"
    ],
    [
        "140.8",
        "97.7",
        "196.1",
        "132.4",
        "132.4",
        "0.0",
        "268.2"
    ],
    [
        "151.3",
        "181.8",
        "97.0",
        "215.8",
        "214.3",
        "268.2",
        "0.0"
    ]
]