[
    [
        "0.0",
        "174.5",
        "56.1",
        "159.7",
        "111.7",
        "140.9",
        "151.7"
    ],
    [
        "174.5",
        "0.0",
        "214.0",
        "41.4",
        "75.8",
        "97.9",
        "184.7"
    ],
    [
        "56.1",
        "214.0",
        "0.0",
        "193.1",
        "147.7",
        "196.2",
        "97.2"
    ],
    [
        "159.7",
        "41.4",
        "193.1",
        "0.0",
        "55.7",
        "132.6",
        "216.3"
    ],
    [
        "111.7",
        "75.8",
        "147.7",
        "55.7",
        "0.0",
        "132.6",
        "215.0"
    ],
    [
        "140.9",
        "97.9",
        "196.2",
        "132.6",
        "132.6",
        "0.0",
        "268.3"
    ],
    [
        "151.7",
        "184.7",
        "97.2",
        "216.3",
        "215.0",
        "268.3",
        "0.0"
    ]
]