[
    [
        "0.0",
        "174.2",
        "56.0",
        "159.2",
        "111.1",
        "140.8",
        "151.4"
    ],
    [
        "174.2",
        "0.0",
        "212.4",
        "41.2",
        "75.6",
        "97.7",
        "182.2"
    ],
    [
        "56.0",
        "212.4",
        "0.0",
        "193.0",
        "145.8",
        "196.1",
        "97.0"
    ],
    [
        "159.2",
        "41.2",
        "193.0",
        "0.0",
        "55.7",
        "132.4",
        "215.9"
    ],
    [
        "111.1",
        "75.6",
        "145.8",
        "55.7",
        "0.0",
        "132.4",
        "214.4"
    ],
    [
        "140.8",
        "97.7",
        "196.1",
        "132.4",
        "132.4",
        "0.0",
        "268.2"
    ],
    [
        "151.4",
        "182.2",
        "97.0",
        "215.9",
        "214.4",
        "268.2",
        "0.0"
    ]
]