[
    [
        "0.0",
        "172.9",
        "55.1",
        "157.0",
        "108.8",
        "140.1",
        "149.4"
    ],
    [
        "172.9",
        "0.0",
        "206.2",
        "39.8",
        "74.3",
        "96.9",
        "175.6"
    ],
    [
        "55.1",
        "206.2",
        "0.0",
        "191.4",
        "139.4",
        "195.0",
        "95.5"
    ],
    [
        "157.0",
        "39.8",
        "191.4",
        "0.0",
        "55.2",
        "131.4",
        "213.3"
    ],
    [
        "108.8",
        "74.3",
        "139.4",
        "55.2",
        "0.0",
        "131.4",
        "212.4"
    ],
    [
        "140.1",
        "96.9",
        "195.0",
        "131.4",
        "131.4",
        "0.0",
        "267.3"
    ],
    [
        "149.4",
        "175.6",
        "95.5",
        "213.3",
        "212.4",
        "267.3",
        "0.0"
    ]
]