[
    [
        "0.0",
        "175.6",
        "56.3",
        "160.4",
        "112.5",
        "141.4",
        "152.1"
    ],
    [
        "175.6",
        "0.0",
        "218.0",
        "42.0",
        "76.6",
        "98.8",
        "194.9"
    ],
    [
        "56.3",
        "218.0",
        "0.0",
        "193.1",
        "156.0",
        "196.3",
        "97.6"
    ],
    [
        "160.4",
        "42.0",
        "193.1",
        "0.0",
        "55.8",
        "132.9",
        "217.1"
    ],
    [
        "112.5",
        "76.6",
        "156.0",
        "55.8",
        "0.0",
        "132.9",
        "217.3"
    ],
    [
        "141.4",
        "98.8",
        "196.3",
        "132.9",
        "132.9",
        "0.0",
        "268.7"
    ],
    [
        "152.1",
        "194.9",
        "97.6",
        "217.1",
        "217.3",
        "268.7",
        "0.0"
    ]
]