[
    [
        "0.0",
        "174.2",
        "56.0",
        "159.1",
        "110.9",
        "140.8",
        "151.3"
    ],
    [
        "174.2",
        "0.0",
        "212.0",
        "41.1",
        "75.6",
        "97.7",
        "181.6"
    ],
    [
        "56.0",
        "212.0",
        "0.0",
        "193.0",
        "145.4",
        "196.1",
        "97.0"
    ],
    [
        "159.1",
        "41.1",
        "193.0",
        "0.0",
        "55.6",
        "132.4",
        "215.7"
    ],
    [
        "110.9",
        "75.6",
        "145.4",
        "55.6",
        "0.0",
        "132.4",
        "214.2"
    ],
    [
        "140.8",
        "97.7",
        "196.1",
        "132.4",
        "132.4",
        "0.0",
        "268.1"
    ],
    [
        "151.3",
        "181.6",
        "97.0",
        "215.7",
        "214.2",
        "268.1",
        "0.0"
    ]
]