[
    [
        "0.0",
        "170.8",
        "53.0",
        "155.8",
        "108.4",
        "139.3",
        "n"
    ],
    [
        "170.8",
        "0.0",
        "203.6",
        "38.2",
        "71.6",
        "95.3",
        "173.4"
    ],
    [
        "53.0",
        "203.6",
        "0.0",
        "185.2",
        "134.1",
        "190.2",
        "90.8"
    ],
    [
        "155.8",
        "38.2",
        "185.2",
        "0.0",
        "54.0",
        "129.6",
        "210.4"
    ],
    [
        "108.4",
        "71.6",
        "134.1",
        "54.0",
        "0.0",
        "129.6",
        "210.7"
    ],
    [
        "139.3",
        "95.3",
        "190.2",
        "129.6",
        "129.6",
        "0.0",
        "265.9"
    ],
    [
        "n",
        "173.4",
        "90.8",
        "210.4",
        "210.7",
        "265.9",
        "0.0"
    ]
]