[
    [
        "0.0",
        "171.1",
        "53.1",
        "155.9",
        "108.4",
        "139.4",
        "n"
    ],
    [
        "171.1",
        "0.0",
        "203.8",
        "38.6",
        "71.9",
        "95.6",
        "173.7"
    ],
    [
        "53.1",
        "203.8",
        "0.0",
        "185.5",
        "134.8",
        "191.2",
        "91.4"
    ],
    [
        "155.9",
        "38.6",
        "185.5",
        "0.0",
        "54.3",
        "129.9",
        "210.8"
    ],
    [
        "108.4",
        "71.9",
        "134.8",
        "54.3",
        "0.0",
        "129.9",
        "211.0"
    ],
    [
        "139.4",
        "95.6",
        "191.2",
        "129.9",
        "129.9",
        "0.0",
        "266.0"
    ],
    [
        "n",
        "173.7",
        "91.4",
        "210.8",
        "211.0",
        "266.0",
        "0.0"
    ]
]