[
    [
        "0.0",
        "170.4",
        "52.9",
        "155.7",
        "108.3",
        "139.2",
        "n"
    ],
    [
        "170.4",
        "0.0",
        "203.4",
        "37.7",
        "71.3",
        "95.0",
        "173.0"
    ],
    [
        "52.9",
        "203.4",
        "0.0",
        "184.9",
        "133.4",
        "189.1",
        "90.1"
    ],
    [
        "155.7",
        "37.7",
        "184.9",
        "0.0",
        "53.6",
        "129.1",
        "209.8"
    ],
    [
        "108.3",
        "71.3",
        "133.4",
        "53.6",
        "0.0",
        "129.1",
        "210.4"
    ],
    [
        "139.2",
        "95.0",
        "189.1",
        "129.1",
        "129.1",
        "0.0",
        "265.8"
    ],
    [
        "n",
        "173.0",
        "90.1",
        "209.8",
        "210.4",
        "265.8",
        "0.0"
    ]
]