[
    [
        "0.0",
        "169.6",
        "52.0",
        "154.6",
        "107.3",
        "138.7",
        "n"
    ],
    [
        "169.6",
        "0.0",
        "201.3",
        "36.2",
        "70.1",
        "94.2",
        "170.9"
    ],
    [
        "52.0",
        "201.3",
        "0.0",
        "183.0",
        "132.1",
        "188.0",
        "88.5"
    ],
    [
        "154.6",
        "36.2",
        "183.0",
        "0.0",
        "52.5",
        "127.8",
        "n"
    ],
    [
        "107.3",
        "70.1",
        "132.1",
        "52.5",
        "0.0",
        "127.8",
        "209.6"
    ],
    [
        "138.7",
        "94.2",
        "188.0",
        "127.8",
        "127.8",
        "0.0",
        "265.1"
    ],
    [
        "n",
        "170.9",
        "88.5",
        "n",
        "209.6",
        "265.1",
        "0.0"
    ]
]