[
    [
        "0.0",
        "170.3",
        "52.9",
        "155.7",
        "108.3",
        "139.1",
        "n"
    ],
    [
        "170.3",
        "0.0",
        "203.4",
        "37.7",
        "71.2",
        "94.9",
        "173.0"
    ],
    [
        "52.9",
        "203.4",
        "0.0",
        "184.8",
        "133.4",
        "189.0",
        "90.1"
    ],
    [
        "155.7",
        "37.7",
        "184.8",
        "0.0",
        "53.5",
        "129.1",
        "209.8"
    ],
    [
        "108.3",
        "71.2",
        "133.4",
        "53.5",
        "0.0",
        "129.1",
        "210.3"
    ],
    [
        "139.1",
        "94.9",
        "189.0",
        "129.1",
        "129.1",
        "0.0",
        "265.8"
    ],
    [
        "n",
        "173.0",
        "90.1",
        "209.8",
        "210.3",
        "265.8",
        "0.0"
    ]
]