[
    [
        "0.0",
        "170.9",
        "53.0",
        "155.8",
        "108.4",
        "139.3",
        "n"
    ],
    [
        "170.9",
        "0.0",
        "203.7",
        "38.4",
        "71.7",
        "95.5",
        "173.6"
    ],
    [
        "53.0",
        "203.7",
        "0.0",
        "185.4",
        "134.5",
        "190.7",
        "91.1"
    ],
    [
        "155.8",
        "38.4",
        "185.4",
        "0.0",
        "54.1",
        "129.8",
        "210.6"
    ],
    [
        "108.4",
        "71.7",
        "134.5",
        "54.1",
        "0.0",
        "129.8",
        "210.8"
    ],
    [
        "139.3",
        "95.5",
        "190.7",
        "129.8",
        "129.8",
        "0.0",
        "266.0"
    ],
    [
        "n",
        "173.6",
        "91.1",
        "210.6",
        "210.8",
        "266.0",
        "0.0"
    ]
]