[
    [
        "0.0",
        "172.2",
        "54.1",
        "156.4",
        "108.7",
        "139.9",
        "n"
    ],
    [
        "172.2",
        "0.0",
        "205.0",
        "39.5",
        "73.3",
        "96.5",
        "174.9"
    ],
    [
        "54.1",
        "205.0",
        "0.0",
        "188.5",
        "137.4",
        "193.9",
        "93.9"
    ],
    [
        "156.4",
        "39.5",
        "188.5",
        "0.0",
        "55.0",
        "130.9",
        "212.4"
    ],
    [
        "108.7",
        "73.3",
        "137.4",
        "55.0",
        "0.0",
        "130.9",
        "211.9"
    ],
    [
        "139.9",
        "96.5",
        "193.9",
        "130.9",
        "130.9",
        "0.0",
        "266.7"
    ],
    [
        "n",
        "174.9",
        "93.9",
        "212.4",
        "211.9",
        "266.7",
        "0.0"
    ]
]