[
    [
        "0.0",
        "169.5",
        "51.8",
        "153.3",
        "107.1",
        "138.4",
        "n"
    ],
    [
        "169.5",
        "0.0",
        "200.4",
        "35.5",
        "70.0",
        "93.9",
        "170.6"
    ],
    [
        "51.8",
        "200.4",
        "0.0",
        "182.2",
        "131.9",
        "187.9",
        "88.1"
    ],
    [
        "153.3",
        "35.5",
        "182.2",
        "0.0",
        "52.4",
        "127.6",
        "n"
    ],
    [
        "107.1",
        "70.0",
        "131.9",
        "52.4",
        "0.0",
        "127.6",
        "209.4"
    ],
    [
        "138.4",
        "93.9",
        "187.9",
        "127.6",
        "127.6",
        "0.0",
        "n"
    ],
    [
        "n",
        "170.6",
        "88.1",
        "n",
        "209.4",
        "n",
        "0.0"
    ]
]