[
    [
        "0.0",
        "171.3",
        "53.2",
        "155.9",
        "108.5",
        "139.5",
        "n"
    ],
    [
        "171.3",
        "0.0",
        "204.0",
        "38.8",
        "72.1",
        "95.8",
        "173.9"
    ],
    [
        "53.2",
        "204.0",
        "0.0",
        "185.7",
        "135.2",
        "191.8",
        "91.9"
    ],
    [
        "155.9",
        "38.8",
        "185.7",
        "0.0",
        "54.5",
        "130.1",
        "211.1"
    ],
    [
        "108.5",
        "72.1",
        "135.2",
        "54.5",
        "0.0",
        "130.1",
        "211.2"
    ],
    [
        "139.5",
        "95.8",
        "191.8",
        "130.1",
        "130.1",
        "0.0",
        "266.1"
    ],
    [
        "n",
        "173.9",
        "91.9",
        "211.1",
        "211.2",
        "266.1",
        "0.0"
    ]
]