[
    [
        "0.0",
        "169.8",
        "52.4",
        "155.4",
        "107.8",
        "138.9",
        "n"
    ],
    [
        "169.8",
        "0.0",
        "202.4",
        "36.9",
        "70.5",
        "94.4",
        "171.7"
    ],
    [
        "52.4",
        "202.4",
        "0.0",
        "183.9",
        "132.6",
        "188.3",
        "89.1"
    ],
    [
        "155.4",
        "36.9",
        "183.9",
        "0.0",
        "52.8",
        "128.3",
        "n"
    ],
    [
        "107.8",
        "70.5",
        "132.6",
        "52.8",
        "0.0",
        "128.3",
        "209.9"
    ],
    [
        "138.9",
        "94.4",
        "188.3",
        "128.3",
        "128.3",
        "0.0",
        "265.4"
    ],
    [
        "n",
        "171.7",
        "89.1",
        "n",
        "209.9",
        "265.4",
        "0.0"
    ]
]