[
    [
        "0.0",
        "171.9",
        "53.6",
        "156.2",
        "108.6",
        "139.7",
        "n"
    ],
    [
        "171.9",
        "0.0",
        "204.5",
        "39.3",
        "72.8",
        "96.2",
        "174.6"
    ],
    [
        "53.6",
        "204.5",
        "0.0",
        "186.9",
        "136.5",
        "193.1",
        "93.0"
    ],
    [
        "156.2",
        "39.3",
        "186.9",
        "0.0",
        "54.8",
        "130.6",
        "212.0"
    ],
    [
        "108.6",
        "72.8",
        "136.5",
        "54.8",
        "0.0",
        "130.6",
        "211.6"
    ],
    [
        "139.7",
        "96.2",
        "193.1",
        "130.6",
        "130.6",
        "0.0",
        "266.4"
    ],
    [
        "n",
        "174.6",
        "93.0",
        "212.0",
        "211.6",
        "266.4",
        "0.0"
    ]
]