[
    [
        "0.0",
        "170.2",
        "52.8",
        "155.6",
        "108.2",
        "139.1",
        "n"
    ],
    [
        "170.2",
        "0.0",
        "203.2",
        "37.5",
        "71.1",
        "94.8",
        "172.8"
    ],
    [
        "52.8",
        "203.2",
        "0.0",
        "184.7",
        "133.1",
        "188.7",
        "89.8"
    ],
    [
        "155.6",
        "37.5",
        "184.7",
        "0.0",
        "53.3",
        "128.9",
        "209.5"
    ],
    [
        "108.2",
        "71.1",
        "133.1",
        "53.3",
        "0.0",
        "128.9",
        "210.2"
    ],
    [
        "139.1",
        "94.8",
        "188.7",
        "128.9",
        "128.9",
        "0.0",
        "265.8"
    ],
    [
        "n",
        "172.8",
        "89.8",
        "209.5",
        "210.2",
        "265.8",
        "0.0"
    ]
]