[
    [
        "0.0",
        "169.5",
        "51.8",
        "153.8",
        "107.2",
        "138.5",
        "n"
    ],
    [
        "169.5",
        "0.0",
        "200.7",
        "35.8",
        "70.1",
        "94.0",
        "170.7"
    ],
    [
        "51.8",
        "200.7",
        "0.0",
        "182.5",
        "131.9",
        "187.9",
        "88.2"
    ],
    [
        "153.8",
        "35.8",
        "182.5",
        "0.0",
        "52.4",
        "127.6",
        "n"
    ],
    [
        "107.2",
        "70.1",
        "131.9",
        "52.4",
        "0.0",
        "127.6",
        "209.4"
    ],
    [
        "138.5",
        "94.0",
        "187.9",
        "127.6",
        "127.6",
        "0.0",
        "n"
    ],
    [
        "n",
        "170.7",
        "88.2",
        "n",
        "209.4",
        "n",
        "0.0"
    ]
]