[
    [
        "0.0",
        "169.4",
        "51.6",
        "152.3",
        "107.0",
        "138.2",
        "n"
    ],
    [
        "169.4",
        "0.0",
        "199.7",
        "34.9",
        "70.0",
        "93.8",
        "170.5"
    ],
    [
        "51.6",
        "199.7",
        "0.0",
        "181.6",
        "131.7",
        "187.8",
        "87.8"
    ],
    [
        "152.3",
        "34.9",
        "181.6",
        "0.0",
        "52.4",
        "127.4",
        "205.2"
    ],
    [
        "107.0",
        "70.0",
        "131.7",
        "52.4",
        "0.0",
        "127.4",
        "209.2"
    ],
    [
        "138.2",
        "93.8",
        "187.8",
        "127.4",
        "127.4",
        "0.0",
        "n"
    ],
    [
        "n",
        "170.5",
        "87.8",
        "205.2",
        "209.2",
        "n",
        "0.0"
    ]
]