[
    [
        "0.0",
        "172.3",
        "54.2",
        "156.5",
        "108.7",
        "139.9",
        "n"
    ],
    [
        "172.3",
        "0.0",
        "205.2",
        "39.5",
        "73.5",
        "96.5",
        "175.0"
    ],
    [
        "54.2",
        "205.2",
        "0.0",
        "189.0",
        "137.7",
        "194.1",
        "94.2"
    ],
    [
        "156.5",
        "39.5",
        "189.0",
        "0.0",
        "55.0",
        "131.0",
        "212.6"
    ],
    [
        "108.7",
        "73.5",
        "137.7",
        "55.0",
        "0.0",
        "131.0",
        "211.9"
    ],
    [
        "139.9",
        "96.5",
        "194.1",
        "131.0",
        "131.0",
        "0.0",
        "266.8"
    ],
    [
        "n",
        "175.0",
        "94.2",
        "212.6",
        "211.9",
        "266.8",
        "0.0"
    ]
]