[
    [
        "0.0",
        "169.5",
        "51.9",
        "154.0",
        "107.2",
        "138.6",
        "n"
    ],
    [
        "169.5",
        "0.0",
        "200.8",
        "35.9",
        "70.1",
        "94.0",
        "170.7"
    ],
    [
        "51.9",
        "200.8",
        "0.0",
        "182.6",
        "132.0",
        "188.0",
        "88.2"
    ],
    [
        "154.0",
        "35.9",
        "182.6",
        "0.0",
        "52.4",
        "127.7",
        "n"
    ],
    [
        "107.2",
        "70.1",
        "132.0",
        "52.4",
        "0.0",
        "127.7",
        "209.5"
    ],
    [
        "138.6",
        "94.0",
        "188.0",
        "127.7",
        "127.7",
        "0.0",
        "n"
    ],
    [
        "n",
        "170.7",
        "88.2",
        "n",
        "209.5",
        "n",
        "0.0"
    ]
]