[
    [
        "0.0",
        "170.0",
        "52.7",
        "155.6",
        "108.1",
        "139.0",
        "n"
    ],
    [
        "170.0",
        "0.0",
        "203.0",
        "37.3",
        "70.9",
        "94.7",
        "172.5"
    ],
    [
        "52.7",
        "203.0",
        "0.0",
        "184.4",
        "132.9",
        "188.5",
        "89.5"
    ],
    [
        "155.6",
        "37.3",
        "184.4",
        "0.0",
        "53.1",
        "128.7",
        "209.2"
    ],
    [
        "108.1",
        "70.9",
        "132.9",
        "53.1",
        "0.0",
        "128.7",
        "210.1"
    ],
    [
        "139.0",
        "94.7",
        "188.5",
        "128.7",
        "128.7",
        "0.0",
        "265.7"
    ],
    [
        "n",
        "172.5",
        "89.5",
        "209.2",
        "210.1",
        "265.7",
        "0.0"
    ]
]