[
    [
        "0.0",
        "172.1",
        "53.9",
        "156.3",
        "108.6",
        "139.8",
        "n"
    ],
    [
        "172.1",
        "0.0",
        "204.9",
        "39.4",
        "73.1",
        "96.4",
        "174.8"
    ],
    [
        "53.9",
        "204.9",
        "0.0",
        "188.0",
        "137.2",
        "193.7",
        "93.7"
    ],
    [
        "156.3",
        "39.4",
        "188.0",
        "0.0",
        "55.0",
        "130.8",
        "212.3"
    ],
    [
        "108.6",
        "73.1",
        "137.2",
        "55.0",
        "0.0",
        "130.8",
        "211.8"
    ],
    [
        "139.8",
        "96.4",
        "193.7",
        "130.8",
        "130.8",
        "0.0",
        "266.6"
    ],
    [
        "n",
        "174.8",
        "93.7",
        "212.3",
        "211.8",
        "266.6",
        "0.0"
    ]
]