[
    [
        "0.0",
        "169.5",
        "51.8",
        "153.6",
        "107.1",
        "138.5",
        "n"
    ],
    [
        "169.5",
        "0.0",
        "200.5",
        "35.6",
        "70.0",
        "94.0",
        "170.7"
    ],
    [
        "51.8",
        "200.5",
        "0.0",
        "182.3",
        "131.9",
        "187.9",
        "88.1"
    ],
    [
        "153.6",
        "35.6",
        "182.3",
        "0.0",
        "52.4",
        "127.6",
        "n"
    ],
    [
        "107.1",
        "70.0",
        "131.9",
        "52.4",
        "0.0",
        "127.6",
        "209.4"
    ],
    [
        "138.5",
        "94.0",
        "187.9",
        "127.6",
        "127.6",
        "0.0",
        "n"
    ],
    [
        "n",
        "170.7",
        "88.1",
        "n",
        "209.4",
        "n",
        "0.0"
    ]
]