[
    [
        "0.0",
        "172.4",
        "54.3",
        "156.5",
        "108.7",
        "139.9",
        "n"
    ],
    [
        "172.4",
        "0.0",
        "205.3",
        "39.5",
        "73.6",
        "96.6",
        "175.0"
    ],
    [
        "54.3",
        "205.3",
        "0.0",
        "189.3",
        "137.9",
        "194.2",
        "94.3"
    ],
    [
        "156.5",
        "39.5",
        "189.3",
        "0.0",
        "55.1",
        "131.0",
        "212.6"
    ],
    [
        "108.7",
        "73.6",
        "137.9",
        "55.1",
        "0.0",
        "131.0",
        "212.0"
    ],
    [
        "139.9",
        "96.6",
        "194.2",
        "131.0",
        "131.0",
        "0.0",
        "266.9"
    ],
    [
        "n",
        "175.0",
        "94.3",
        "212.6",
        "212.0",
        "266.9",
        "0.0"
    ]
]