[
    [
        "0.0",
        "169.4",
        "51.6",
        "151.9",
        "107.0",
        "138.2",
        "n"
    ],
    [
        "169.4",
        "0.0",
        "199.3",
        "34.6",
        "69.9",
        "93.7",
        "170.4"
    ],
    [
        "51.6",
        "199.3",
        "0.0",
        "181.3",
        "131.6",
        "187.8",
        "87.6"
    ],
    [
        "151.9",
        "34.6",
        "181.3",
        "0.0",
        "52.4",
        "127.3",
        "204.6"
    ],
    [
        "107.0",
        "69.9",
        "131.6",
        "52.4",
        "0.0",
        "127.3",
        "209.2"
    ],
    [
        "138.2",
        "93.7",
        "187.8",
        "127.3",
        "127.3",
        "0.0",
        "n"
    ],
    [
        "n",
        "170.4",
        "87.6",
        "204.6",
        "209.2",
        "n",
        "0.0"
    ]
]