[
    [
        "0.0",
        "170.7",
        "53.0",
        "155.8",
        "108.3",
        "139.3",
        "n"
    ],
    [
        "170.7",
        "0.0",
        "203.6",
        "38.1",
        "71.5",
        "95.2",
        "173.3"
    ],
    [
        "53.0",
        "203.6",
        "0.0",
        "185.1",
        "134.0",
        "189.9",
        "90.7"
    ],
    [
        "155.8",
        "38.1",
        "185.1",
        "0.0",
        "53.9",
        "129.5",
        "210.2"
    ],
    [
        "108.3",
        "71.5",
        "134.0",
        "53.9",
        "0.0",
        "129.5",
        "210.6"
    ],
    [
        "139.3",
        "95.2",
        "189.9",
        "129.5",
        "129.5",
        "0.0",
        "265.9"
    ],
    [
        "n",
        "173.3",
        "90.7",
        "210.2",
        "210.6",
        "265.9",
        "0.0"
    ]
]