[
    [
        "0.0",
        "169.4",
        "51.5",
        "151.6",
        "106.9",
        "138.1",
        "n"
    ],
    [
        "169.4",
        "0.0",
        "199.1",
        "34.4",
        "69.9",
        "93.7",
        "170.4"
    ],
    [
        "51.5",
        "199.1",
        "0.0",
        "181.1",
        "131.5",
        "187.7",
        "87.5"
    ],
    [
        "151.6",
        "34.4",
        "181.1",
        "0.0",
        "52.4",
        "127.3",
        "204.3"
    ],
    [
        "106.9",
        "69.9",
        "131.5",
        "52.4",
        "0.0",
        "127.3",
        "209.1"
    ],
    [
        "138.1",
        "93.7",
        "187.7",
        "127.3",
        "127.3",
        "0.0",
        "n"
    ],
    [
        "n",
        "170.4",
        "87.5",
        "204.3",
        "209.1",
        "n",
        "0.0"
    ]
]