[
    [
        "0.0",
        "170.4",
        "52.9",
        "155.7",
        "108.3",
        "139.2",
        "n"
    ],
    [
        "170.4",
        "0.0",
        "203.4",
        "37.8",
        "71.3",
        "95.0",
        "173.1"
    ],
    [
        "52.9",
        "203.4",
        "0.0",
        "184.9",
        "133.5",
        "189.3",
        "90.2"
    ],
    [
        "155.7",
        "37.8",
        "184.9",
        "0.0",
        "53.6",
        "129.2",
        "209.9"
    ],
    [
        "108.3",
        "71.3",
        "133.5",
        "53.6",
        "0.0",
        "129.2",
        "210.4"
    ],
    [
        "139.2",
        "95.0",
        "189.3",
        "129.2",
        "129.2",
        "0.0",
        "265.9"
    ],
    [
        "n",
        "173.1",
        "90.2",
        "209.9",
        "210.4",
        "265.9",
        "0.0"
    ]
]