[
    [
        "0.0",
        "169.6",
        "52.0",
        "154.9",
        "107.4",
        "138.8",
        "n"
    ],
    [
        "169.6",
        "0.0",
        "201.5",
        "36.4",
        "70.2",
        "94.2",
        "171.0"
    ],
    [
        "52.0",
        "201.5",
        "0.0",
        "183.2",
        "132.2",
        "188.1",
        "88.6"
    ],
    [
        "154.9",
        "36.4",
        "183.2",
        "0.0",
        "52.5",
        "127.9",
        "n"
    ],
    [
        "107.4",
        "70.2",
        "132.2",
        "52.5",
        "0.0",
        "127.9",
        "209.6"
    ],
    [
        "138.8",
        "94.2",
        "188.1",
        "127.9",
        "127.9",
        "0.0",
        "265.1"
    ],
    [
        "n",
        "171.0",
        "88.6",
        "n",
        "209.6",
        "265.1",
        "0.0"
    ]
]