[
    [
        "0.0",
        "171.8",
        "53.4",
        "156.1",
        "108.6",
        "139.7",
        "n"
    ],
    [
        "171.8",
        "0.0",
        "204.4",
        "39.2",
        "72.6",
        "96.1",
        "174.4"
    ],
    [
        "53.4",
        "204.4",
        "0.0",
        "186.4",
        "136.2",
        "192.8",
        "92.8"
    ],
    [
        "156.1",
        "39.2",
        "186.4",
        "0.0",
        "54.8",
        "130.6",
        "211.8"
    ],
    [
        "108.6",
        "72.6",
        "136.2",
        "54.8",
        "0.0",
        "130.6",
        "211.5"
    ],
    [
        "139.7",
        "96.1",
        "192.8",
        "130.6",
        "130.6",
        "0.0",
        "266.3"
    ],
    [
        "n",
        "174.4",
        "92.8",
        "211.8",
        "211.5",
        "266.3",
        "0.0"
    ]
]