[
    [
        "0.0",
        "169.4",
        "51.7",
        "152.9",
        "107.1",
        "138.4",
        "n"
    ],
    [
        "169.4",
        "0.0",
        "200.0",
        "35.2",
        "70.0",
        "93.9",
        "170.5"
    ],
    [
        "51.7",
        "200.0",
        "0.0",
        "181.9",
        "131.8",
        "187.9",
        "87.9"
    ],
    [
        "152.9",
        "35.2",
        "181.9",
        "0.0",
        "52.4",
        "127.5",
        "n"
    ],
    [
        "107.1",
        "70.0",
        "131.8",
        "52.4",
        "0.0",
        "127.5",
        "209.3"
    ],
    [
        "138.4",
        "93.9",
        "187.9",
        "127.5",
        "127.5",
        "0.0",
        "n"
    ],
    [
        "n",
        "170.5",
        "87.9",
        "n",
        "209.3",
        "n",
        "0.0"
    ]
]