[
    [
        "0.0",
        "170.6",
        "53.0",
        "155.8",
        "108.3",
        "139.2",
        "n"
    ],
    [
        "170.6",
        "0.0",
        "203.6",
        "38.0",
        "71.5",
        "95.2",
        "173.3"
    ],
    [
        "53.0",
        "203.6",
        "0.0",
        "185.1",
        "133.9",
        "189.8",
        "90.6"
    ],
    [
        "155.8",
        "38.0",
        "185.1",
        "0.0",
        "53.8",
        "129.4",
        "210.1"
    ],
    [
        "108.3",
        "71.5",
        "133.9",
        "53.8",
        "0.0",
        "129.4",
        "210.6"
    ],
    [
        "139.2",
        "95.2",
        "189.8",
        "129.4",
        "129.4",
        "0.0",
        "265.9"
    ],
    [
        "n",
        "173.3",
        "90.6",
        "210.1",
        "210.6",
        "265.9",
        "0.0"
    ]
]