[
    [
        "0.0",
        "172.3",
        "54.2",
        "156.4",
        "108.7",
        "139.9",
        "n"
    ],
    [
        "172.3",
        "0.0",
        "205.1",
        "39.5",
        "73.4",
        "96.5",
        "174.9"
    ],
    [
        "54.2",
        "205.1",
        "0.0",
        "188.8",
        "137.6",
        "194.0",
        "94.1"
    ],
    [
        "156.4",
        "39.5",
        "188.8",
        "0.0",
        "55.0",
        "131.0",
        "212.5"
    ],
    [
        "108.7",
        "73.4",
        "137.6",
        "55.0",
        "0.0",
        "131.0",
        "211.9"
    ],
    [
        "139.9",
        "96.5",
        "194.0",
        "131.0",
        "131.0",
        "0.0",
        "266.8"
    ],
    [
        "n",
        "174.9",
        "94.1",
        "212.5",
        "211.9",
        "266.8",
        "0.0"
    ]
]