[
    [
        "0.0",
        "170.0",
        "52.6",
        "155.5",
        "108.1",
        "139.0",
        "n"
    ],
    [
        "170.0",
        "0.0",
        "203.0",
        "37.2",
        "70.8",
        "94.6",
        "172.4"
    ],
    [
        "52.6",
        "203.0",
        "0.0",
        "184.4",
        "132.9",
        "188.4",
        "89.5"
    ],
    [
        "155.5",
        "37.2",
        "184.4",
        "0.0",
        "53.1",
        "128.7",
        "209.2"
    ],
    [
        "108.1",
        "70.8",
        "132.9",
        "53.1",
        "0.0",
        "128.7",
        "210.0"
    ],
    [
        "139.0",
        "94.6",
        "188.4",
        "128.7",
        "128.7",
        "0.0",
        "265.6"
    ],
    [
        "n",
        "172.4",
        "89.5",
        "209.2",
        "210.0",
        "265.6",
        "0.0"
    ]
]