[
    [
        "0.0",
        "171.3",
        "53.2",
        "155.9",
        "108.5",
        "139.5",
        "n"
    ],
    [
        "171.3",
        "0.0",
        "204.0",
        "38.7",
        "72.0",
        "95.7",
        "173.9"
    ],
    [
        "53.2",
        "204.0",
        "0.0",
        "185.7",
        "135.1",
        "191.6",
        "91.7"
    ],
    [
        "155.9",
        "38.7",
        "185.7",
        "0.0",
        "54.4",
        "130.1",
        "211.1"
    ],
    [
        "108.5",
        "72.0",
        "135.1",
        "54.4",
        "0.0",
        "130.1",
        "211.1"
    ],
    [
        "139.5",
        "95.7",
        "191.6",
        "130.1",
        "130.1",
        "0.0",
        "266.1"
    ],
    [
        "n",
        "173.9",
        "91.7",
        "211.1",
        "211.1",
        "266.1",
        "0.0"
    ]
]