[
    [
        "0.0",
        "169.7",
        "52.1",
        "155.1",
        "107.5",
        "138.8",
        "n"
    ],
    [
        "169.7",
        "0.0",
        "201.9",
        "36.7",
        "70.3",
        "94.3",
        "171.2"
    ],
    [
        "52.1",
        "201.9",
        "0.0",
        "183.5",
        "132.3",
        "188.1",
        "88.8"
    ],
    [
        "155.1",
        "36.7",
        "183.5",
        "0.0",
        "52.6",
        "128.0",
        "n"
    ],
    [
        "107.5",
        "70.3",
        "132.3",
        "52.6",
        "0.0",
        "128.0",
        "209.7"
    ],
    [
        "138.8",
        "94.3",
        "188.1",
        "128.0",
        "128.0",
        "0.0",
        "265.2"
    ],
    [
        "n",
        "171.2",
        "88.8",
        "n",
        "209.7",
        "265.2",
        "0.0"
    ]
]