[
    [
        "0.0",
        "170.3",
        "52.8",
        "155.7",
        "108.2",
        "139.1",
        "n"
    ],
    [
        "170.3",
        "0.0",
        "203.3",
        "37.6",
        "71.2",
        "94.9",
        "172.9"
    ],
    [
        "52.8",
        "203.3",
        "0.0",
        "184.8",
        "133.3",
        "188.9",
        "89.9"
    ],
    [
        "155.7",
        "37.6",
        "184.8",
        "0.0",
        "53.4",
        "129.0",
        "209.6"
    ],
    [
        "108.2",
        "71.2",
        "133.3",
        "53.4",
        "0.0",
        "129.0",
        "210.3"
    ],
    [
        "139.1",
        "94.9",
        "188.9",
        "129.0",
        "129.0",
        "0.0",
        "265.8"
    ],
    [
        "n",
        "172.9",
        "89.9",
        "209.6",
        "210.3",
        "265.8",
        "0.0"
    ]
]