[
    [
        "0.0",
        "169.4",
        "51.6",
        "152.1",
        "107.0",
        "138.2",
        "n"
    ],
    [
        "169.4",
        "0.0",
        "199.5",
        "34.7",
        "69.9",
        "93.8",
        "170.4"
    ],
    [
        "51.6",
        "199.5",
        "0.0",
        "181.4",
        "131.6",
        "187.8",
        "87.7"
    ],
    [
        "152.1",
        "34.7",
        "181.4",
        "0.0",
        "52.4",
        "127.4",
        "204.9"
    ],
    [
        "107.0",
        "69.9",
        "131.6",
        "52.4",
        "0.0",
        "127.4",
        "209.2"
    ],
    [
        "138.2",
        "93.8",
        "187.8",
        "127.4",
        "127.4",
        "0.0",
        "n"
    ],
    [
        "n",
        "170.4",
        "87.7",
        "204.9",
        "209.2",
        "n",
        "0.0"
    ]
]