[
    [
        "0.0",
        "170.5",
        "52.9",
        "155.7",
        "108.3",
        "139.2",
        "n"
    ],
    [
        "170.5",
        "0.0",
        "203.5",
        "37.9",
        "71.4",
        "95.1",
        "173.2"
    ],
    [
        "52.9",
        "203.5",
        "0.0",
        "185.0",
        "133.6",
        "189.4",
        "90.3"
    ],
    [
        "155.7",
        "37.9",
        "185.0",
        "0.0",
        "53.7",
        "129.3",
        "210.0"
    ],
    [
        "108.3",
        "71.4",
        "133.6",
        "53.7",
        "0.0",
        "129.3",
        "210.5"
    ],
    [
        "139.2",
        "95.1",
        "189.4",
        "129.3",
        "129.3",
        "0.0",
        "265.9"
    ],
    [
        "n",
        "173.2",
        "90.3",
        "210.0",
        "210.5",
        "265.9",
        "0.0"
    ]
]