[
    [
        "0.0",
        "170.8",
        "53.0",
        "155.8",
        "108.4",
        "139.3",
        "n"
    ],
    [
        "170.8",
        "0.0",
        "203.7",
        "38.3",
        "71.6",
        "95.4",
        "173.5"
    ],
    [
        "53.0",
        "203.7",
        "0.0",
        "185.3",
        "134.2",
        "190.4",
        "90.9"
    ],
    [
        "155.8",
        "38.3",
        "185.3",
        "0.0",
        "54.0",
        "129.6",
        "210.4"
    ],
    [
        "108.4",
        "71.6",
        "134.2",
        "54.0",
        "0.0",
        "129.6",
        "210.7"
    ],
    [
        "139.3",
        "95.4",
        "190.4",
        "129.6",
        "129.6",
        "0.0",
        "266.0"
    ],
    [
        "n",
        "173.5",
        "90.9",
        "210.4",
        "210.7",
        "266.0",
        "0.0"
    ]
]