[
    [
        "0.0",
        "171.4",
        "53.2",
        "155.9",
        "108.5",
        "139.5",
        "n"
    ],
    [
        "171.4",
        "0.0",
        "204.1",
        "38.8",
        "72.2",
        "95.8",
        "174.0"
    ],
    [
        "53.2",
        "204.1",
        "0.0",
        "185.8",
        "135.4",
        "192.0",
        "92.0"
    ],
    [
        "155.9",
        "38.8",
        "185.8",
        "0.0",
        "54.5",
        "130.2",
        "211.3"
    ],
    [
        "108.5",
        "72.2",
        "135.4",
        "54.5",
        "0.0",
        "130.2",
        "211.2"
    ],
    [
        "139.5",
        "95.8",
        "192.0",
        "130.2",
        "130.2",
        "0.0",
        "266.1"
    ],
    [
        "n",
        "174.0",
        "92.0",
        "211.3",
        "211.2",
        "266.1",
        "0.0"
    ]
]