[
    [
        "0.0",
        "171.5",
        "53.3",
        "156.0",
        "108.5",
        "139.5",
        "n"
    ],
    [
        "171.5",
        "0.0",
        "204.1",
        "38.9",
        "72.3",
        "95.9",
        "174.1"
    ],
    [
        "53.3",
        "204.1",
        "0.0",
        "185.9",
        "135.6",
        "192.2",
        "92.2"
    ],
    [
        "156.0",
        "38.9",
        "185.9",
        "0.0",
        "54.6",
        "130.3",
        "211.4"
    ],
    [
        "108.5",
        "72.3",
        "135.6",
        "54.6",
        "0.0",
        "130.3",
        "211.3"
    ],
    [
        "139.5",
        "95.9",
        "192.2",
        "130.3",
        "130.3",
        "0.0",
        "266.2"
    ],
    [
        "n",
        "174.1",
        "92.2",
        "211.4",
        "211.3",
        "266.2",
        "0.0"
    ]
]