[
    [
        "0.0",
        "169.8",
        "52.3",
        "155.3",
        "107.7",
        "138.9",
        "n"
    ],
    [
        "169.8",
        "0.0",
        "202.3",
        "36.9",
        "70.4",
        "94.4",
        "171.5"
    ],
    [
        "52.3",
        "202.3",
        "0.0",
        "183.8",
        "132.5",
        "188.2",
        "89.0"
    ],
    [
        "155.3",
        "36.9",
        "183.8",
        "0.0",
        "52.7",
        "128.2",
        "n"
    ],
    [
        "107.7",
        "70.4",
        "132.5",
        "52.7",
        "0.0",
        "128.2",
        "209.8"
    ],
    [
        "138.9",
        "94.4",
        "188.2",
        "128.2",
        "128.2",
        "0.0",
        "265.4"
    ],
    [
        "n",
        "171.5",
        "89.0",
        "n",
        "209.8",
        "265.4",
        "0.0"
    ]
]