[
    [
        "0.0",
        "171.6",
        "53.3",
        "156.0",
        "108.5",
        "139.6",
        "n"
    ],
    [
        "171.6",
        "0.0",
        "204.3",
        "39.1",
        "72.4",
        "96.0",
        "174.3"
    ],
    [
        "53.3",
        "204.3",
        "0.0",
        "186.1",
        "135.9",
        "192.5",
        "92.5"
    ],
    [
        "156.0",
        "39.1",
        "186.1",
        "0.0",
        "54.7",
        "130.4",
        "211.6"
    ],
    [
        "108.5",
        "72.4",
        "135.9",
        "54.7",
        "0.0",
        "130.4",
        "211.4"
    ],
    [
        "139.6",
        "96.0",
        "192.5",
        "130.4",
        "130.4",
        "0.0",
        "266.2"
    ],
    [
        "n",
        "174.3",
        "92.5",
        "211.6",
        "211.4",
        "266.2",
        "0.0"
    ]
]