[
    [
        "0.0",
        "171.9",
        "53.6",
        "156.2",
        "108.6",
        "139.7",
        "n"
    ],
    [
        "171.9",
        "0.0",
        "204.6",
        "39.3",
        "72.8",
        "96.2",
        "174.6"
    ],
    [
        "53.6",
        "204.6",
        "0.0",
        "187.0",
        "136.6",
        "193.2",
        "93.1"
    ],
    [
        "156.2",
        "39.3",
        "187.0",
        "0.0",
        "54.9",
        "130.7",
        "212.0"
    ],
    [
        "108.6",
        "72.8",
        "136.6",
        "54.9",
        "0.0",
        "130.7",
        "211.6"
    ],
    [
        "139.7",
        "96.2",
        "193.2",
        "130.7",
        "130.7",
        "0.0",
        "266.4"
    ],
    [
        "n",
        "174.6",
        "93.1",
        "212.0",
        "211.6",
        "266.4",
        "0.0"
    ]
]