[
    [
        "0.0",
        "170.2",
        "52.8",
        "155.6",
        "108.2",
        "139.1",
        "n"
    ],
    [
        "170.2",
        "0.0",
        "203.2",
        "37.4",
        "71.0",
        "94.8",
        "172.7"
    ],
    [
        "52.8",
        "203.2",
        "0.0",
        "184.6",
        "133.1",
        "188.6",
        "89.7"
    ],
    [
        "155.6",
        "37.4",
        "184.6",
        "0.0",
        "53.3",
        "128.9",
        "209.5"
    ],
    [
        "108.2",
        "71.0",
        "133.1",
        "53.3",
        "0.0",
        "128.9",
        "210.2"
    ],
    [
        "139.1",
        "94.8",
        "188.6",
        "128.9",
        "128.9",
        "0.0",
        "265.7"
    ],
    [
        "n",
        "172.7",
        "89.7",
        "209.5",
        "210.2",
        "265.7",
        "0.0"
    ]
]