[
    [
        "0",
        "34.775",
        "10.504",
        "198.248",
        "277.7",
        "87.81",
        "80.863"
    ],
    [
        "34.775",
        "0",
        "19.061",
        "247.6",
        "270.284",
        "111.519",
        "96.417"
    ],
    [
        "10.504",
        "19.061",
        "0",
        "268.066",
        "247.38",
        "91.845",
        "77.582"
    ],
    [
        "198.248",
        "247.6",
        "268.066",
        "0",
        "106.614",
        "196.12",
        "244.779"
    ],
    [
        "277.7",
        "270.284",
        "247.38",
        "106.614",
        "0",
        "160.299",
        "163.871"
    ],
    [
        "87.81",
        "111.519",
        "91.845",
        "196.12",
        "160.299",
        "0",
        "79.182"
    ],
    [
        "80.863",
        "96.417",
        "77.582",
        "244.779",
        "163.871",
        "79.182",
        "0"
    ]
]