[
    [
        "0",
        "36.497",
        "10.47",
        "196.207",
        "277.845",
        "87.782",
        "80.862"
    ],
    [
        "36.497",
        "0",
        "19.33",
        "306.832",
        "267.053",
        "111.735",
        "96.757"
    ],
    [
        "10.47",
        "19.33",
        "0",
        "267.609",
        "247.652",
        "91.511",
        "77.667"
    ],
    [
        "196.207",
        "306.832",
        "267.609",
        "0",
        "106.176",
        "184.125",
        "338.682"
    ],
    [
        "277.845",
        "267.053",
        "247.652",
        "106.176",
        "0",
        "160.129",
        "161.47"
    ],
    [
        "87.782",
        "111.735",
        "91.511",
        "184.125",
        "160.129",
        "0",
        "78.054"
    ],
    [
        "80.862",
        "96.757",
        "77.667",
        "338.682",
        "161.47",
        "78.054",
        "0"
    ]
]