[
    [
        "0",
        "35.034",
        "10.535",
        "197.647",
        "262.833",
        "89.888",
        "80.797"
    ],
    [
        "35.034",
        "0",
        "19.272",
        "220.602",
        "270.251",
        "111.421",
        "96.475"
    ],
    [
        "10.535",
        "19.272",
        "0",
        "246.564",
        "246.701",
        "91.584",
        "77.644"
    ],
    [
        "197.647",
        "220.602",
        "246.564",
        "0",
        "106.327",
        "203.286",
        "217.868"
    ],
    [
        "262.833",
        "270.251",
        "246.701",
        "106.327",
        "0",
        "160.802",
        "153.771"
    ],
    [
        "89.888",
        "111.421",
        "91.584",
        "203.286",
        "160.802",
        "0",
        "74.459"
    ],
    [
        "80.797",
        "96.475",
        "77.644",
        "217.868",
        "153.771",
        "74.459",
        "0"
    ]
]