[
    [
        "0",
        "34.713",
        "10.43",
        "197.498",
        "277.822",
        "87.777",
        "80.725"
    ],
    [
        "34.713",
        "0",
        "19.2",
        "250.375",
        "270.336",
        "114.857",
        "96.42"
    ],
    [
        "10.43",
        "19.2",
        "0",
        "248.489",
        "249.508",
        "91.466",
        "77.616"
    ],
    [
        "197.498",
        "250.375",
        "248.489",
        "0",
        "209.575",
        "277.002",
        "239.114"
    ],
    [
        "277.822",
        "270.336",
        "249.508",
        "209.575",
        "0",
        "161.585",
        "161.602"
    ],
    [
        "87.777",
        "114.857",
        "91.466",
        "277.002",
        "161.585",
        "0",
        "76.016"
    ],
    [
        "80.725",
        "96.42",
        "77.616",
        "239.114",
        "161.602",
        "76.016",
        "0"
    ]
]