[
    [
        "0",
        "34.777",
        "10.564",
        "201.328",
        "262.918",
        "87.729",
        "80.804"
    ],
    [
        "34.777",
        "0",
        "19.069",
        "251.39",
        "273.341",
        "111.437",
        "96.372"
    ],
    [
        "10.564",
        "19.069",
        "0",
        "242.101",
        "246.778",
        "91.817",
        "77.582"
    ],
    [
        "201.328",
        "251.39",
        "242.101",
        "0",
        "117.997",
        "195.397",
        "249.822"
    ],
    [
        "262.918",
        "273.341",
        "246.778",
        "117.997",
        "0",
        "160.895",
        "153.791"
    ],
    [
        "87.729",
        "111.437",
        "91.817",
        "195.397",
        "160.895",
        "0",
        "75.267"
    ],
    [
        "80.804",
        "96.372",
        "77.582",
        "249.822",
        "153.791",
        "75.267",
        "0"
    ]
]