[
    [
        "0",
        "34.591",
        "10.399",
        "198.142",
        "266.927",
        "87.751",
        "80.922"
    ],
    [
        "34.591",
        "0",
        "19.097",
        "313.036",
        "272.562",
        "111.456",
        "97.193"
    ],
    [
        "10.399",
        "19.097",
        "0",
        "248.606",
        "259.146",
        "91.504",
        "77.664"
    ],
    [
        "198.142",
        "313.036",
        "248.606",
        "0",
        "106.139",
        "184.898",
        "253.017"
    ],
    [
        "266.927",
        "272.562",
        "259.146",
        "106.139",
        "0",
        "160.812",
        "153.72"
    ],
    [
        "87.751",
        "111.456",
        "91.504",
        "184.898",
        "160.812",
        "0",
        "121.363"
    ],
    [
        "80.922",
        "97.193",
        "77.664",
        "253.017",
        "153.72",
        "121.363",
        "0"
    ]
]