[
    [
        "0",
        "34.633",
        "10.499",
        "199.077",
        "277.837",
        "87.747",
        "80.792"
    ],
    [
        "34.633",
        "0",
        "19.132",
        "296.872",
        "266.845",
        "113.976",
        "96.433"
    ],
    [
        "10.499",
        "19.132",
        "0",
        "241.649",
        "249.777",
        "91.487",
        "77.582"
    ],
    [
        "199.077",
        "296.872",
        "241.649",
        "0",
        "195.563",
        "185.157",
        "241.107"
    ],
    [
        "277.837",
        "266.845",
        "249.777",
        "195.563",
        "0",
        "161.318",
        "153.976"
    ],
    [
        "87.747",
        "113.976",
        "91.487",
        "185.157",
        "161.318",
        "0",
        "76.94"
    ],
    [
        "80.792",
        "96.433",
        "77.582",
        "241.107",
        "153.976",
        "76.94",
        "0"
    ]
]