[
    [
        "0",
        "34.771",
        "10.603",
        "210.252",
        "266.914",
        "89.175",
        "80.848"
    ],
    [
        "34.771",
        "0",
        "19.11",
        "325.537",
        "266.357",
        "111.534",
        "96.486"
    ],
    [
        "10.603",
        "19.11",
        "0",
        "242.9",
        "259.58",
        "91.866",
        "77.605"
    ],
    [
        "210.252",
        "325.537",
        "242.9",
        "0",
        "109.989",
        "196.055",
        "346.981"
    ],
    [
        "266.914",
        "266.357",
        "259.58",
        "109.989",
        "0",
        "160.792",
        "153.97"
    ],
    [
        "89.175",
        "111.534",
        "91.866",
        "196.055",
        "160.792",
        "0",
        "83.059"
    ],
    [
        "80.848",
        "96.486",
        "77.605",
        "346.981",
        "153.97",
        "83.059",
        "0"
    ]
]