[
    [
        "0",
        "34.833",
        "10.566",
        "197.727",
        "262.827",
        "87.789",
        "80.813"
    ],
    [
        "34.833",
        "0",
        "19.261",
        "220.52",
        "272.323",
        "111.438",
        "96.469"
    ],
    [
        "10.566",
        "19.261",
        "0",
        "241.751",
        "246.694",
        "91.524",
        "77.58"
    ],
    [
        "197.727",
        "220.52",
        "241.751",
        "0",
        "106.212",
        "183.674",
        "217.221"
    ],
    [
        "262.827",
        "272.323",
        "246.694",
        "106.212",
        "0",
        "160.814",
        "153.798"
    ],
    [
        "87.789",
        "111.438",
        "91.524",
        "183.674",
        "160.814",
        "0",
        "74.438"
    ],
    [
        "80.813",
        "96.469",
        "77.58",
        "217.221",
        "153.798",
        "74.438",
        "0"
    ]
]