[
    [
        "0",
        "34.648",
        "10.411",
        "198.204",
        "266.894",
        "87.801",
        "80.794"
    ],
    [
        "34.648",
        "0",
        "19.111",
        "316.071",
        "269.84",
        "111.403",
        "96.491"
    ],
    [
        "10.411",
        "19.111",
        "0",
        "242.108",
        "259.255",
        "91.715",
        "77.569"
    ],
    [
        "198.204",
        "316.071",
        "242.108",
        "0",
        "106.853",
        "186.025",
        "242.415"
    ],
    [
        "266.894",
        "269.84",
        "259.255",
        "106.853",
        "0",
        "161.981",
        "153.798"
    ],
    [
        "87.801",
        "111.403",
        "91.715",
        "186.025",
        "161.981",
        "0",
        "79.829"
    ],
    [
        "80.794",
        "96.491",
        "77.569",
        "242.415",
        "153.798",
        "79.829",
        "0"
    ]
]