[
    [
        "0",
        "41.505",
        "20.649",
        "214.618",
        "268.627",
        "94.154",
        "86.695"
    ],
    [
        "41.505",
        "0",
        "19.048",
        "277.676",
        "267.127",
        "111.465",
        "97.081"
    ],
    [
        "20.649",
        "19.048",
        "0",
        "241.885",
        "246.671",
        "92.287",
        "77.672"
    ],
    [
        "214.618",
        "277.676",
        "241.885",
        "0",
        "106.151",
        "184.924",
        "254.019"
    ],
    [
        "268.627",
        "267.127",
        "246.671",
        "106.151",
        "0",
        "161.732",
        "153.703"
    ],
    [
        "94.154",
        "111.465",
        "92.287",
        "184.924",
        "161.732",
        "0",
        "79.174"
    ],
    [
        "86.695",
        "97.081",
        "77.672",
        "254.019",
        "153.703",
        "79.174",
        "0"
    ]
]