[
    [
        "0",
        "34.779",
        "11.384",
        "207.464",
        "267.132",
        "87.818",
        "80.779"
    ],
    [
        "34.779",
        "0",
        "19.1",
        "224.153",
        "266.846",
        "111.448",
        "96.45"
    ],
    [
        "11.384",
        "19.1",
        "0",
        "355.49",
        "248.57",
        "91.498",
        "77.642"
    ],
    [
        "207.464",
        "224.153",
        "355.49",
        "0",
        "106.567",
        "187.642",
        "238.536"
    ],
    [
        "267.132",
        "266.846",
        "248.57",
        "106.567",
        "0",
        "166.154",
        "153.901"
    ],
    [
        "87.818",
        "111.448",
        "91.498",
        "187.642",
        "166.154",
        "0",
        "76.936"
    ],
    [
        "80.779",
        "96.45",
        "77.642",
        "238.536",
        "153.901",
        "76.936",
        "0"
    ]
]