[
    [
        "0",
        "34.766",
        "10.859",
        "204.112",
        "267.046",
        "87.868",
        "80.794"
    ],
    [
        "34.766",
        "0",
        "19.195",
        "277.949",
        "270.278",
        "111.408",
        "99.685"
    ],
    [
        "10.859",
        "19.195",
        "0",
        "255.57",
        "257.729",
        "99.789",
        "86.218"
    ],
    [
        "204.112",
        "277.949",
        "255.57",
        "0",
        "106.76",
        "190.919",
        "229.805"
    ],
    [
        "267.046",
        "270.278",
        "257.729",
        "106.76",
        "0",
        "160.88",
        "153.869"
    ],
    [
        "87.868",
        "111.408",
        "99.789",
        "190.919",
        "160.88",
        "0",
        "75.507"
    ],
    [
        "80.794",
        "99.685",
        "86.218",
        "229.805",
        "153.869",
        "75.507",
        "0"
    ]
]