[
    [
        "0",
        "34.709",
        "10.466",
        "203.135",
        "262.892",
        "88.645",
        "80.847"
    ],
    [
        "34.709",
        "0",
        "19.025",
        "241.342",
        "270.527",
        "111.453",
        "96.443"
    ],
    [
        "10.466",
        "19.025",
        "0",
        "241.739",
        "246.774",
        "91.457",
        "77.724"
    ],
    [
        "203.135",
        "241.342",
        "241.739",
        "0",
        "107.009",
        "186.016",
        "254.029"
    ],
    [
        "262.892",
        "270.527",
        "246.774",
        "107.009",
        "0",
        "160.796",
        "153.757"
    ],
    [
        "88.645",
        "111.453",
        "91.457",
        "186.016",
        "160.796",
        "0",
        "79.226"
    ],
    [
        "80.847",
        "96.443",
        "77.724",
        "254.029",
        "153.757",
        "79.226",
        "0"
    ]
]