[
    [
        "0",
        "34.652",
        "10.722",
        "204.722",
        "262.917",
        "87.795",
        "80.787"
    ],
    [
        "34.652",
        "0",
        "19.076",
        "236.744",
        "272.677",
        "111.395",
        "96.432"
    ],
    [
        "10.722",
        "19.076",
        "0",
        "242.836",
        "246.664",
        "91.46",
        "77.611"
    ],
    [
        "204.722",
        "236.744",
        "242.836",
        "0",
        "107.714",
        "196.316",
        "255.53"
    ],
    [
        "262.917",
        "272.677",
        "246.664",
        "107.714",
        "0",
        "160.792",
        "153.723"
    ],
    [
        "87.795",
        "111.395",
        "91.46",
        "196.316",
        "160.792",
        "0",
        "80.716"
    ],
    [
        "80.787",
        "96.432",
        "77.611",
        "255.53",
        "153.723",
        "80.716",
        "0"
    ]
]