[
    [
        "0",
        "34.671",
        "10.443",
        "198.191",
        "263.046",
        "88.349",
        "80.803"
    ],
    [
        "34.671",
        "0",
        "19.015",
        "215.43",
        "270.798",
        "111.445",
        "96.47"
    ],
    [
        "10.443",
        "19.015",
        "0",
        "250.773",
        "246.811",
        "91.63",
        "77.643"
    ],
    [
        "198.191",
        "215.43",
        "250.773",
        "0",
        "106.307",
        "188.456",
        "254.016"
    ],
    [
        "263.046",
        "270.798",
        "246.811",
        "106.307",
        "0",
        "160.846",
        "153.818"
    ],
    [
        "88.349",
        "111.445",
        "91.63",
        "188.456",
        "160.846",
        "0",
        "79.408"
    ],
    [
        "80.803",
        "96.47",
        "77.643",
        "254.016",
        "153.818",
        "79.408",
        "0"
    ]
]