[
    [
        "0",
        "34.712",
        "10.441",
        "208.212",
        "263.332",
        "87.862",
        "84.291"
    ],
    [
        "34.712",
        "0",
        "19.122",
        "343.322",
        "267.48",
        "111.439",
        "96.445"
    ],
    [
        "10.441",
        "19.122",
        "0",
        "242.387",
        "247.022",
        "91.574",
        "77.535"
    ],
    [
        "208.212",
        "343.322",
        "242.387",
        "0",
        "108.654",
        "196.574",
        "255.092"
    ],
    [
        "263.332",
        "267.48",
        "247.022",
        "108.654",
        "0",
        "160.834",
        "153.741"
    ],
    [
        "87.862",
        "111.439",
        "91.574",
        "196.574",
        "160.834",
        "0",
        "79.43"
    ],
    [
        "84.291",
        "96.445",
        "77.535",
        "255.092",
        "153.741",
        "79.43",
        "0"
    ]
]