[
    [
        "0",
        "34.703",
        "10.413",
        "204.452",
        "277.725",
        "87.766",
        "80.835"
    ],
    [
        "34.703",
        "0",
        "19.196",
        "263.542",
        "264.144",
        "112.839",
        "96.446"
    ],
    [
        "10.413",
        "19.196",
        "0",
        "258.359",
        "247.38",
        "91.98",
        "77.556"
    ],
    [
        "204.452",
        "263.542",
        "258.359",
        "0",
        "197.314",
        "199.349",
        "204.161"
    ],
    [
        "277.725",
        "264.144",
        "247.38",
        "197.314",
        "0",
        "162.211",
        "164.105"
    ],
    [
        "87.766",
        "112.839",
        "91.98",
        "199.349",
        "162.211",
        "0",
        "76.388"
    ],
    [
        "80.835",
        "96.446",
        "77.556",
        "204.161",
        "164.105",
        "76.388",
        "0"
    ]
]