[
    [
        "0",
        "34.918",
        "11.853",
        "203.325",
        "261.914",
        "87.809",
        "80.948"
    ],
    [
        "34.918",
        "0",
        "19.024",
        "270.669",
        "269.336",
        "111.447",
        "96.465"
    ],
    [
        "11.853",
        "19.024",
        "0",
        "241.92",
        "247.165",
        "91.47",
        "77.67"
    ],
    [
        "203.325",
        "270.669",
        "241.92",
        "0",
        "105.613",
        "184.926",
        "249.251"
    ],
    [
        "261.914",
        "269.336",
        "247.165",
        "105.613",
        "0",
        "160.77",
        "153.739"
    ],
    [
        "87.809",
        "111.447",
        "91.47",
        "184.926",
        "160.77",
        "0",
        "74.472"
    ],
    [
        "80.948",
        "96.465",
        "77.67",
        "249.251",
        "153.739",
        "74.472",
        "0"
    ]
]