[
    [
        "0",
        "34.729",
        "10.672",
        "197.744",
        "262.951",
        "87.84",
        "80.808"
    ],
    [
        "34.729",
        "0",
        "19.066",
        "220.858",
        "267.342",
        "111.372",
        "96.517"
    ],
    [
        "10.672",
        "19.066",
        "0",
        "246.793",
        "246.956",
        "91.446",
        "77.729"
    ],
    [
        "197.744",
        "220.858",
        "246.793",
        "0",
        "106.206",
        "204.237",
        "249.257"
    ],
    [
        "262.951",
        "267.342",
        "246.956",
        "106.206",
        "0",
        "161.605",
        "153.792"
    ],
    [
        "87.84",
        "111.372",
        "91.446",
        "204.237",
        "161.605",
        "0",
        "74.442"
    ],
    [
        "80.808",
        "96.517",
        "77.729",
        "249.257",
        "153.792",
        "74.442",
        "0"
    ]
]