[
    [
        "0",
        "34.714",
        "10.407",
        "210.477",
        "262.896",
        "87.893",
        "80.839"
    ],
    [
        "34.714",
        "0",
        "19.126",
        "239.206",
        "266.52",
        "111.42",
        "96.476"
    ],
    [
        "10.407",
        "19.126",
        "0",
        "284.676",
        "248.634",
        "91.477",
        "77.639"
    ],
    [
        "210.477",
        "239.206",
        "284.676",
        "0",
        "108.844",
        "204.589",
        "268.291"
    ],
    [
        "262.896",
        "266.52",
        "248.634",
        "108.844",
        "0",
        "160.775",
        "153.779"
    ],
    [
        "87.893",
        "111.42",
        "91.477",
        "204.589",
        "160.775",
        "0",
        "83.837"
    ],
    [
        "80.839",
        "96.476",
        "77.639",
        "268.291",
        "153.779",
        "83.837",
        "0"
    ]
]