[
    [
        "0",
        "34.695",
        "10.492",
        "167.353",
        "254.999",
        "91.663",
        "80.902"
    ],
    [
        "34.695",
        "0",
        "19.129",
        "223.904",
        "267.142",
        "111.405",
        "100.459"
    ],
    [
        "10.492",
        "19.129",
        "0",
        "241.773",
        "261.219",
        "91.531",
        "77.641"
    ],
    [
        "167.353",
        "223.904",
        "241.773",
        "0",
        "106.399",
        "184.975",
        "237.543"
    ],
    [
        "254.999",
        "267.142",
        "261.219",
        "106.399",
        "0",
        "161.113",
        "153.916"
    ],
    [
        "91.663",
        "111.405",
        "91.531",
        "184.975",
        "161.113",
        "0",
        "79.33"
    ],
    [
        "80.902",
        "100.459",
        "77.641",
        "237.543",
        "153.916",
        "79.33",
        "0"
    ]
]