[
    [
        "0",
        "34.758",
        "10.514",
        "202.939",
        "261.923",
        "87.794",
        "80.895"
    ],
    [
        "34.758",
        "0",
        "19.047",
        "260.086",
        "267.374",
        "111.448",
        "96.472"
    ],
    [
        "10.514",
        "19.047",
        "0",
        "299.887",
        "247.046",
        "91.507",
        "77.799"
    ],
    [
        "202.939",
        "260.086",
        "299.887",
        "0",
        "107.006",
        "194.594",
        "252.467"
    ],
    [
        "261.923",
        "267.374",
        "247.046",
        "107.006",
        "0",
        "221.503",
        "153.744"
    ],
    [
        "87.794",
        "111.448",
        "91.507",
        "194.594",
        "221.503",
        "0",
        "78.759"
    ],
    [
        "80.895",
        "96.472",
        "77.799",
        "252.467",
        "153.744",
        "78.759",
        "0"
    ]
]