[
    [
        "0",
        "34.756",
        "10.442",
        "198.367",
        "266.878",
        "87.754",
        "80.855"
    ],
    [
        "34.756",
        "0",
        "19.057",
        "272.257",
        "266.745",
        "111.463",
        "96.47"
    ],
    [
        "10.442",
        "19.057",
        "0",
        "242.51",
        "249.399",
        "91.757",
        "77.697"
    ],
    [
        "198.367",
        "272.257",
        "242.51",
        "0",
        "107.655",
        "187.185",
        "240.55"
    ],
    [
        "266.878",
        "266.745",
        "249.399",
        "107.655",
        "0",
        "160.844",
        "153.928"
    ],
    [
        "87.754",
        "111.463",
        "91.757",
        "187.185",
        "160.844",
        "0",
        "74.928"
    ],
    [
        "80.855",
        "96.47",
        "77.697",
        "240.55",
        "153.928",
        "74.928",
        "0"
    ]
]