[
    [
        "0",
        "34.9",
        "10.567",
        "197.667",
        "240.221",
        "99.086",
        "80.827"
    ],
    [
        "34.9",
        "0",
        "19.156",
        "304.787",
        "270.672",
        "111.427",
        "96.437"
    ],
    [
        "10.567",
        "19.156",
        "0",
        "270.976",
        "248.715",
        "93.381",
        "77.693"
    ],
    [
        "197.667",
        "304.787",
        "270.976",
        "0",
        "106.661",
        "191.393",
        "232.591"
    ],
    [
        "240.221",
        "270.672",
        "248.715",
        "106.661",
        "0",
        "161.109",
        "151.475"
    ],
    [
        "99.086",
        "111.427",
        "93.381",
        "191.393",
        "161.109",
        "0",
        "79.001"
    ],
    [
        "80.827",
        "96.437",
        "77.693",
        "232.591",
        "151.475",
        "79.001",
        "0"
    ]
]