[
    [
        "0",
        "34.717",
        "10.443",
        "171.878",
        "266.899",
        "87.748",
        "80.815"
    ],
    [
        "34.717",
        "0",
        "19.114",
        "295.816",
        "270.264",
        "111.491",
        "96.451"
    ],
    [
        "10.443",
        "19.114",
        "0",
        "282.128",
        "259.213",
        "91.514",
        "77.723"
    ],
    [
        "171.878",
        "295.816",
        "282.128",
        "0",
        "112.893",
        "193.071",
        "239.334"
    ],
    [
        "266.899",
        "270.264",
        "259.213",
        "112.893",
        "0",
        "161.116",
        "153.965"
    ],
    [
        "87.748",
        "111.491",
        "91.514",
        "193.071",
        "161.116",
        "0",
        "85.455"
    ],
    [
        "80.815",
        "96.451",
        "77.723",
        "239.334",
        "153.965",
        "85.455",
        "0"
    ]
]