[
    [
        "0",
        "34.782",
        "11.732",
        "200.021",
        "254.998",
        "87.808",
        "84.307"
    ],
    [
        "34.782",
        "0",
        "19.118",
        "294.797",
        "263.356",
        "111.389",
        "96.442"
    ],
    [
        "11.732",
        "19.118",
        "0",
        "244.363",
        "261.373",
        "93.161",
        "77.675"
    ],
    [
        "200.021",
        "294.797",
        "244.363",
        "0",
        "106.264",
        "184.981",
        "236.321"
    ],
    [
        "254.998",
        "263.356",
        "261.373",
        "106.264",
        "0",
        "160.816",
        "153.906"
    ],
    [
        "87.808",
        "111.389",
        "93.161",
        "184.981",
        "160.816",
        "0",
        "79.448"
    ],
    [
        "84.307",
        "96.442",
        "77.675",
        "236.321",
        "153.906",
        "79.448",
        "0"
    ]
]