[
    [
        "0",
        "34.632",
        "10.361",
        "202.448",
        "262.823",
        "87.725",
        "80.699"
    ],
    [
        "34.632",
        "0",
        "19.12",
        "270.649",
        "263.725",
        "111.821",
        "96.432"
    ],
    [
        "10.361",
        "19.12",
        "0",
        "242.403",
        "246.77",
        "91.532",
        "77.709"
    ],
    [
        "202.448",
        "270.649",
        "242.403",
        "0",
        "107.04",
        "193.289",
        "246.294"
    ],
    [
        "262.823",
        "263.725",
        "246.77",
        "107.04",
        "0",
        "160.789",
        "153.794"
    ],
    [
        "87.725",
        "111.821",
        "91.532",
        "193.289",
        "160.789",
        "0",
        "78.574"
    ],
    [
        "80.699",
        "96.432",
        "77.709",
        "246.294",
        "153.794",
        "78.574",
        "0"
    ]
]