[
    [
        "0",
        "34.681",
        "10.434",
        "201.807",
        "266.885",
        "87.864",
        "80.776"
    ],
    [
        "34.681",
        "0",
        "19.092",
        "285.456",
        "266.81",
        "111.433",
        "96.453"
    ],
    [
        "10.434",
        "19.092",
        "0",
        "242.162",
        "259.218",
        "91.588",
        "77.636"
    ],
    [
        "201.807",
        "285.456",
        "242.162",
        "0",
        "112.347",
        "187.43",
        "242.178"
    ],
    [
        "266.885",
        "266.81",
        "259.218",
        "112.347",
        "0",
        "160.818",
        "153.871"
    ],
    [
        "87.864",
        "111.433",
        "91.588",
        "187.43",
        "160.818",
        "0",
        "79.355"
    ],
    [
        "80.776",
        "96.453",
        "77.636",
        "242.178",
        "153.871",
        "79.355",
        "0"
    ]
]