[
    [
        "0",
        "34.63",
        "10.454",
        "200.847",
        "261.849",
        "99.125",
        "80.824"
    ],
    [
        "34.63",
        "0",
        "19.083",
        "342.78",
        "267.103",
        "111.401",
        "96.523"
    ],
    [
        "10.454",
        "19.083",
        "0",
        "266.997",
        "246.91",
        "91.634",
        "77.656"
    ],
    [
        "200.847",
        "342.78",
        "266.997",
        "0",
        "109.763",
        "189.301",
        "232.552"
    ],
    [
        "261.849",
        "267.103",
        "246.91",
        "109.763",
        "0",
        "161.073",
        "148.072"
    ],
    [
        "99.125",
        "111.401",
        "91.634",
        "189.301",
        "161.073",
        "0",
        "74.703"
    ],
    [
        "80.824",
        "96.523",
        "77.656",
        "232.552",
        "148.072",
        "74.703",
        "0"
    ]
]