[
    [
        "0",
        "34.653",
        "10.397",
        "208.492",
        "263.716",
        "87.782",
        "84.296"
    ],
    [
        "34.653",
        "0",
        "19.087",
        "261.836",
        "266.584",
        "111.44",
        "96.44"
    ],
    [
        "10.397",
        "19.087",
        "0",
        "243.559",
        "247.01",
        "91.475",
        "77.68"
    ],
    [
        "208.492",
        "261.836",
        "243.559",
        "0",
        "108.857",
        "219.732",
        "275.073"
    ],
    [
        "263.716",
        "266.584",
        "247.01",
        "108.857",
        "0",
        "160.792",
        "153.746"
    ],
    [
        "87.782",
        "111.44",
        "91.475",
        "219.732",
        "160.792",
        "0",
        "79.352"
    ],
    [
        "84.296",
        "96.44",
        "77.68",
        "275.073",
        "153.746",
        "79.352",
        "0"
    ]
]