[
    [
        "0",
        "34.62",
        "10.521",
        "198.354",
        "284.424",
        "87.772",
        "80.786"
    ],
    [
        "34.62",
        "0",
        "19.07",
        "225.431",
        "267.141",
        "111.42",
        "96.457"
    ],
    [
        "10.521",
        "19.07",
        "0",
        "241.804",
        "246.675",
        "91.533",
        "77.556"
    ],
    [
        "198.354",
        "225.431",
        "241.804",
        "0",
        "106.139",
        "183.648",
        "215.896"
    ],
    [
        "284.424",
        "267.141",
        "246.675",
        "106.139",
        "0",
        "160.81",
        "153.748"
    ],
    [
        "87.772",
        "111.42",
        "91.533",
        "183.648",
        "160.81",
        "0",
        "75.151"
    ],
    [
        "80.786",
        "96.457",
        "77.556",
        "215.896",
        "153.748",
        "75.151",
        "0"
    ]
]