[
    [
        "0",
        "34.853",
        "10.508",
        "196.345",
        "240.054",
        "99.05",
        "84.275"
    ],
    [
        "34.853",
        "0",
        "19.137",
        "220.662",
        "272.586",
        "114.839",
        "96.468"
    ],
    [
        "10.508",
        "19.137",
        "0",
        "241.839",
        "246.588",
        "92.328",
        "77.685"
    ],
    [
        "196.345",
        "220.662",
        "241.839",
        "0",
        "105.904",
        "184.955",
        "232.538"
    ],
    [
        "240.054",
        "272.586",
        "246.588",
        "105.904",
        "0",
        "161.132",
        "154.108"
    ],
    [
        "99.05",
        "114.839",
        "92.328",
        "184.955",
        "161.132",
        "0",
        "75.103"
    ],
    [
        "84.275",
        "96.468",
        "77.685",
        "232.538",
        "154.108",
        "75.103",
        "0"
    ]
]