[
    [
        "0",
        "34.703",
        "10.507",
        "201.773",
        "277.836",
        "87.833",
        "80.83"
    ],
    [
        "34.703",
        "0",
        "19.12",
        "256.947",
        "258.566",
        "111.424",
        "96.453"
    ],
    [
        "10.507",
        "19.12",
        "0",
        "260.435",
        "247.73",
        "91.478",
        "77.518"
    ],
    [
        "201.773",
        "256.947",
        "260.435",
        "0",
        "136.497",
        "191.402",
        "240.547"
    ],
    [
        "277.836",
        "258.566",
        "247.73",
        "136.497",
        "0",
        "160.28",
        "161.536"
    ],
    [
        "87.833",
        "111.424",
        "91.478",
        "191.402",
        "160.28",
        "0",
        "75.088"
    ],
    [
        "80.83",
        "96.453",
        "77.518",
        "240.547",
        "161.536",
        "75.088",
        "0"
    ]
]