[
    [
        "0",
        "34.665",
        "10.459",
        "205.446",
        "244.956",
        "87.908",
        "80.778"
    ],
    [
        "34.665",
        "0",
        "19.051",
        "302.48",
        "267.606",
        "111.446",
        "96.471"
    ],
    [
        "10.459",
        "19.051",
        "0",
        "336.877",
        "261.182",
        "91.651",
        "77.542"
    ],
    [
        "205.446",
        "302.48",
        "336.877",
        "0",
        "139.716",
        "197.606",
        "262.077"
    ],
    [
        "244.956",
        "267.606",
        "261.182",
        "139.716",
        "0",
        "160.831",
        "154.443"
    ],
    [
        "87.908",
        "111.446",
        "91.651",
        "197.606",
        "160.831",
        "0",
        "79.186"
    ],
    [
        "80.778",
        "96.471",
        "77.542",
        "262.077",
        "154.443",
        "79.186",
        "0"
    ]
]