[
    [
        "0",
        "34.618",
        "10.573",
        "203.107",
        "262.83",
        "87.82",
        "80.834"
    ],
    [
        "34.618",
        "0",
        "19.066",
        "282.469",
        "270.084",
        "111.477",
        "96.404"
    ],
    [
        "10.573",
        "19.066",
        "0",
        "241.906",
        "247.108",
        "91.595",
        "77.544"
    ],
    [
        "203.107",
        "282.469",
        "241.906",
        "0",
        "108.478",
        "191.303",
        "251.879"
    ],
    [
        "262.83",
        "270.084",
        "247.108",
        "108.478",
        "0",
        "160.876",
        "153.758"
    ],
    [
        "87.82",
        "111.477",
        "91.595",
        "191.303",
        "160.876",
        "0",
        "77.062"
    ],
    [
        "80.834",
        "96.404",
        "77.544",
        "251.879",
        "153.758",
        "77.062",
        "0"
    ]
]