[
    [
        "0",
        "34.753",
        "10.495",
        "201.733",
        "266.933",
        "87.849",
        "80.845"
    ],
    [
        "34.753",
        "0",
        "19.061",
        "220.305",
        "269.694",
        "111.358",
        "96.469"
    ],
    [
        "10.495",
        "19.061",
        "0",
        "242.56",
        "248.845",
        "91.444",
        "77.71"
    ],
    [
        "201.733",
        "220.305",
        "242.56",
        "0",
        "107.974",
        "191.627",
        "244.341"
    ],
    [
        "266.933",
        "269.694",
        "248.845",
        "107.974",
        "0",
        "160.857",
        "154.384"
    ],
    [
        "87.849",
        "111.358",
        "91.444",
        "191.627",
        "160.857",
        "0",
        "79.18"
    ],
    [
        "80.845",
        "96.469",
        "77.71",
        "244.341",
        "154.384",
        "79.18",
        "0"
    ]
]