[
    [
        "0",
        "36.63",
        "10.543",
        "198.293",
        "266.839",
        "87.815",
        "80.833"
    ],
    [
        "36.63",
        "0",
        "19.558",
        "257.849",
        "273.947",
        "111.81",
        "101.12"
    ],
    [
        "10.543",
        "19.558",
        "0",
        "248.764",
        "259.254",
        "91.521",
        "77.63"
    ],
    [
        "198.293",
        "257.849",
        "248.764",
        "0",
        "106.099",
        "184.919",
        "254.003"
    ],
    [
        "266.839",
        "273.947",
        "259.254",
        "106.099",
        "0",
        "167.709",
        "153.802"
    ],
    [
        "87.815",
        "111.81",
        "91.521",
        "184.919",
        "167.709",
        "0",
        "79.188"
    ],
    [
        "80.833",
        "101.12",
        "77.63",
        "254.003",
        "153.802",
        "79.188",
        "0"
    ]
]