[
    [
        "0",
        "36.703",
        "10.538",
        "198.218",
        "266.955",
        "87.793",
        "80.986"
    ],
    [
        "36.703",
        "0",
        "19.63",
        "309.367",
        "272.818",
        "111.9",
        "97.385"
    ],
    [
        "10.538",
        "19.63",
        "0",
        "293.073",
        "259.178",
        "91.511",
        "77.743"
    ],
    [
        "198.218",
        "309.367",
        "293.073",
        "0",
        "106.213",
        "184.984",
        "234.833"
    ],
    [
        "266.955",
        "272.818",
        "259.178",
        "106.213",
        "0",
        "160.842",
        "154.066"
    ],
    [
        "87.793",
        "111.9",
        "91.511",
        "184.984",
        "160.842",
        "0",
        "80.039"
    ],
    [
        "80.986",
        "97.385",
        "77.743",
        "234.833",
        "154.066",
        "80.039",
        "0"
    ]
]