[
    [
        "0",
        "34.677",
        "10.644",
        "204.593",
        "315.922",
        "87.793",
        "80.793"
    ],
    [
        "34.677",
        "0",
        "19.109",
        "229.11",
        "266.564",
        "111.693",
        "96.553"
    ],
    [
        "10.644",
        "19.109",
        "0",
        "242.732",
        "246.812",
        "91.787",
        "78.064"
    ],
    [
        "204.593",
        "229.11",
        "242.732",
        "0",
        "106.195",
        "186.783",
        "249.778"
    ],
    [
        "315.922",
        "266.564",
        "246.812",
        "106.195",
        "0",
        "166.399",
        "153.805"
    ],
    [
        "87.793",
        "111.693",
        "91.787",
        "186.783",
        "166.399",
        "0",
        "75.47"
    ],
    [
        "80.793",
        "96.553",
        "78.064",
        "249.778",
        "153.805",
        "75.47",
        "0"
    ]
]