[
    [
        "0",
        "34.805",
        "10.525",
        "205.39",
        "262.909",
        "87.879",
        "80.883"
    ],
    [
        "34.805",
        "0",
        "19.119",
        "238.762",
        "263.631",
        "111.784",
        "96.43"
    ],
    [
        "10.525",
        "19.119",
        "0",
        "242.933",
        "248.269",
        "91.615",
        "77.831"
    ],
    [
        "205.39",
        "238.762",
        "242.933",
        "0",
        "107.047",
        "194.478",
        "254.032"
    ],
    [
        "262.909",
        "263.631",
        "248.269",
        "107.047",
        "0",
        "160.767",
        "153.788"
    ],
    [
        "87.879",
        "111.784",
        "91.615",
        "194.478",
        "160.767",
        "0",
        "79.321"
    ],
    [
        "80.883",
        "96.43",
        "77.831",
        "254.032",
        "153.788",
        "79.321",
        "0"
    ]
]