[
    [
        "0",
        "34.796",
        "10.577",
        "203.384",
        "261.899",
        "87.704",
        "80.891"
    ],
    [
        "34.796",
        "0",
        "19.116",
        "303.996",
        "273.067",
        "111.511",
        "96.442"
    ],
    [
        "10.577",
        "19.116",
        "0",
        "300.03",
        "246.77",
        "91.491",
        "77.627"
    ],
    [
        "203.384",
        "303.996",
        "300.03",
        "0",
        "106.67",
        "195.417",
        "251.818"
    ],
    [
        "261.899",
        "273.067",
        "246.77",
        "106.67",
        "0",
        "185.439",
        "153.822"
    ],
    [
        "87.704",
        "111.511",
        "91.491",
        "195.417",
        "185.439",
        "0",
        "78.457"
    ],
    [
        "80.891",
        "96.442",
        "77.627",
        "251.818",
        "153.822",
        "78.457",
        "0"
    ]
]