[
    [
        "0",
        "34.901",
        "10.493",
        "206.054",
        "277.879",
        "87.817",
        "80.833"
    ],
    [
        "34.901",
        "0",
        "19.133",
        "328.144",
        "267.611",
        "111.442",
        "96.467"
    ],
    [
        "10.493",
        "19.133",
        "0",
        "280.429",
        "247.637",
        "91.478",
        "77.54"
    ],
    [
        "206.054",
        "328.144",
        "280.429",
        "0",
        "143.859",
        "196.6",
        "255.601"
    ],
    [
        "277.879",
        "267.611",
        "247.637",
        "143.859",
        "0",
        "160.237",
        "162.123"
    ],
    [
        "87.817",
        "111.442",
        "91.478",
        "196.6",
        "160.237",
        "0",
        "82.485"
    ],
    [
        "80.833",
        "96.467",
        "77.54",
        "255.601",
        "162.123",
        "82.485",
        "0"
    ]
]