[
    [
        "0",
        "34.626",
        "10.418",
        "208.733",
        "261.904",
        "87.819",
        "80.878"
    ],
    [
        "34.626",
        "0",
        "19.037",
        "318.845",
        "264.06",
        "111.376",
        "96.5"
    ],
    [
        "10.418",
        "19.037",
        "0",
        "242.221",
        "246.644",
        "91.546",
        "77.695"
    ],
    [
        "208.733",
        "318.845",
        "242.221",
        "0",
        "106.868",
        "194.496",
        "253.023"
    ],
    [
        "261.904",
        "264.06",
        "246.644",
        "106.868",
        "0",
        "170.078",
        "153.76"
    ],
    [
        "87.819",
        "111.376",
        "91.546",
        "194.496",
        "170.078",
        "0",
        "78.567"
    ],
    [
        "80.878",
        "96.5",
        "77.695",
        "253.023",
        "153.76",
        "78.567",
        "0"
    ]
]