[
    [
        "0",
        "37.067",
        "10.75",
        "201.084",
        "240.087",
        "99.139",
        "84.371"
    ],
    [
        "37.067",
        "0",
        "19.082",
        "220.827",
        "270.015",
        "111.433",
        "96.448"
    ],
    [
        "10.75",
        "19.082",
        "0",
        "241.799",
        "246.641",
        "91.879",
        "77.658"
    ],
    [
        "201.084",
        "220.827",
        "241.799",
        "0",
        "106.05",
        "184.922",
        "232.536"
    ],
    [
        "240.087",
        "270.015",
        "246.641",
        "106.05",
        "0",
        "161.09",
        "153.594"
    ],
    [
        "99.139",
        "111.433",
        "91.879",
        "184.922",
        "161.09",
        "0",
        "78.152"
    ],
    [
        "84.371",
        "96.448",
        "77.658",
        "232.536",
        "153.594",
        "78.152",
        "0"
    ]
]