[
    [
        "0",
        "34.707",
        "10.416",
        "204.206",
        "262.892",
        "87.829",
        "80.815"
    ],
    [
        "34.707",
        "0",
        "19.015",
        "273.784",
        "266.688",
        "111.46",
        "96.419"
    ],
    [
        "10.416",
        "19.015",
        "0",
        "265.922",
        "248.154",
        "91.748",
        "77.739"
    ],
    [
        "204.206",
        "273.784",
        "265.922",
        "0",
        "107.057",
        "196.092",
        "249.814"
    ],
    [
        "262.892",
        "266.688",
        "248.154",
        "107.057",
        "0",
        "160.825",
        "153.83"
    ],
    [
        "87.829",
        "111.46",
        "91.748",
        "196.092",
        "160.825",
        "0",
        "75.248"
    ],
    [
        "80.815",
        "96.419",
        "77.739",
        "249.814",
        "153.83",
        "75.248",
        "0"
    ]
]