[
    [
        "0",
        "34.676",
        "10.574",
        "205.966",
        "263.042",
        "87.837",
        "80.737"
    ],
    [
        "34.676",
        "0",
        "19.109",
        "324.984",
        "269.348",
        "111.393",
        "96.575"
    ],
    [
        "10.574",
        "19.109",
        "0",
        "242.34",
        "246.81",
        "91.61",
        "77.545"
    ],
    [
        "205.966",
        "324.984",
        "242.34",
        "0",
        "108.178",
        "200.98",
        "225.756"
    ],
    [
        "263.042",
        "269.348",
        "246.81",
        "108.178",
        "0",
        "160.866",
        "153.788"
    ],
    [
        "87.837",
        "111.393",
        "91.61",
        "200.98",
        "160.866",
        "0",
        "75.019"
    ],
    [
        "80.737",
        "96.575",
        "77.545",
        "225.756",
        "153.788",
        "75.019",
        "0"
    ]
]