[
    [
        "0",
        "35.652",
        "11.086",
        "205.15",
        "268.982",
        "87.727",
        "80.702"
    ],
    [
        "35.652",
        "0",
        "19.118",
        "229.202",
        "266.722",
        "112.798",
        "96.435"
    ],
    [
        "11.086",
        "19.118",
        "0",
        "257.353",
        "247.85",
        "91.459",
        "77.792"
    ],
    [
        "205.15",
        "229.202",
        "257.353",
        "0",
        "160.686",
        "192.328",
        "240.114"
    ],
    [
        "268.982",
        "266.722",
        "247.85",
        "160.686",
        "0",
        "166.762",
        "153.916"
    ],
    [
        "87.727",
        "112.798",
        "91.459",
        "192.328",
        "166.762",
        "0",
        "74.828"
    ],
    [
        "80.702",
        "96.435",
        "77.792",
        "240.114",
        "153.916",
        "74.828",
        "0"
    ]
]