[
    [
        "0",
        "34.731",
        "10.517",
        "198.103",
        "266.883",
        "87.753",
        "80.867"
    ],
    [
        "34.731",
        "0",
        "19.121",
        "215.87",
        "269.874",
        "111.43",
        "96.473"
    ],
    [
        "10.517",
        "19.121",
        "0",
        "241.762",
        "259.238",
        "91.569",
        "77.622"
    ],
    [
        "198.103",
        "215.87",
        "241.762",
        "0",
        "106.339",
        "184.913",
        "254.009"
    ],
    [
        "266.883",
        "269.874",
        "259.238",
        "106.339",
        "0",
        "160.878",
        "153.772"
    ],
    [
        "87.753",
        "111.43",
        "91.569",
        "184.913",
        "160.878",
        "0",
        "79.922"
    ],
    [
        "80.867",
        "96.473",
        "77.622",
        "254.009",
        "153.772",
        "79.922",
        "0"
    ]
]