[
    [
        "0",
        "34.661",
        "10.432",
        "199.74",
        "262.037",
        "99.074",
        "80.867"
    ],
    [
        "34.661",
        "0",
        "19.025",
        "272.065",
        "267.669",
        "111.391",
        "96.37"
    ],
    [
        "10.432",
        "19.025",
        "0",
        "262.269",
        "247.114",
        "91.55",
        "77.509"
    ],
    [
        "199.74",
        "272.065",
        "262.269",
        "0",
        "107.979",
        "190.595",
        "255.08"
    ],
    [
        "262.037",
        "267.669",
        "247.114",
        "107.979",
        "0",
        "160.918",
        "153.763"
    ],
    [
        "99.074",
        "111.391",
        "91.55",
        "190.595",
        "160.918",
        "0",
        "79.291"
    ],
    [
        "80.867",
        "96.37",
        "77.509",
        "255.08",
        "153.763",
        "79.291",
        "0"
    ]
]