[
    [
        "0",
        "36.428",
        "16.032",
        "201.989",
        "262.107",
        "91.282",
        "80.927"
    ],
    [
        "36.428",
        "0",
        "19.227",
        "269.323",
        "269.922",
        "111.566",
        "96.712"
    ],
    [
        "16.032",
        "19.227",
        "0",
        "241.79",
        "247.108",
        "91.446",
        "77.678"
    ],
    [
        "201.989",
        "269.323",
        "241.79",
        "0",
        "105.49",
        "184.935",
        "249.251"
    ],
    [
        "262.107",
        "269.922",
        "247.108",
        "105.49",
        "0",
        "161.036",
        "153.796"
    ],
    [
        "91.282",
        "111.566",
        "91.446",
        "184.935",
        "161.036",
        "0",
        "74.455"
    ],
    [
        "80.927",
        "96.712",
        "77.678",
        "249.251",
        "153.796",
        "74.455",
        "0"
    ]
]