[
    [
        "0",
        "34.679",
        "10.575",
        "168.541",
        "254.929",
        "87.765",
        "80.826"
    ],
    [
        "34.679",
        "0",
        "19.22",
        "318.735",
        "270.874",
        "111.393",
        "96.487"
    ],
    [
        "10.575",
        "19.22",
        "0",
        "242.117",
        "259.283",
        "91.469",
        "77.623"
    ],
    [
        "168.541",
        "318.735",
        "242.117",
        "0",
        "109.734",
        "189.374",
        "243.407"
    ],
    [
        "254.929",
        "270.874",
        "259.283",
        "109.734",
        "0",
        "160.912",
        "154.005"
    ],
    [
        "87.765",
        "111.393",
        "91.469",
        "189.374",
        "160.912",
        "0",
        "80.163"
    ],
    [
        "80.826",
        "96.487",
        "77.623",
        "243.407",
        "154.005",
        "80.163",
        "0"
    ]
]