[
    [
        "0",
        "34.603",
        "10.352",
        "202.826",
        "262.88",
        "87.745",
        "80.758"
    ],
    [
        "34.603",
        "0",
        "19.106",
        "240.793",
        "267.284",
        "111.479",
        "96.447"
    ],
    [
        "10.352",
        "19.106",
        "0",
        "243.183",
        "246.917",
        "91.546",
        "77.623"
    ],
    [
        "202.826",
        "240.793",
        "243.183",
        "0",
        "107.278",
        "195.449",
        "249.97"
    ],
    [
        "262.88",
        "267.284",
        "246.917",
        "107.278",
        "0",
        "160.929",
        "153.747"
    ],
    [
        "87.745",
        "111.479",
        "91.546",
        "195.449",
        "160.929",
        "0",
        "74.96"
    ],
    [
        "80.758",
        "96.447",
        "77.623",
        "249.97",
        "153.747",
        "74.96",
        "0"
    ]
]