[
    [
        "0",
        "36.767",
        "10.562",
        "196.211",
        "262.03",
        "87.797",
        "80.79"
    ],
    [
        "36.767",
        "0",
        "19.466",
        "221.249",
        "267.861",
        "111.863",
        "96.762"
    ],
    [
        "10.562",
        "19.466",
        "0",
        "241.824",
        "246.998",
        "91.517",
        "77.567"
    ],
    [
        "196.211",
        "221.249",
        "241.824",
        "0",
        "105.315",
        "184.947",
        "254.153"
    ],
    [
        "262.03",
        "267.861",
        "246.998",
        "105.315",
        "0",
        "160.697",
        "153.72"
    ],
    [
        "87.797",
        "111.863",
        "91.517",
        "184.947",
        "160.697",
        "0",
        "79.33"
    ],
    [
        "80.79",
        "96.762",
        "77.567",
        "254.153",
        "153.72",
        "79.33",
        "0"
    ]
]