[
    [
        "0",
        "34.839",
        "10.591",
        "205.978",
        "277.819",
        "87.828",
        "80.798"
    ],
    [
        "34.839",
        "0",
        "19.002",
        "228.729",
        "273.291",
        "111.507",
        "96.513"
    ],
    [
        "10.591",
        "19.002",
        "0",
        "311.46",
        "247.81",
        "93.021",
        "77.757"
    ],
    [
        "205.978",
        "228.729",
        "311.46",
        "0",
        "154.21",
        "196.407",
        "229.562"
    ],
    [
        "277.819",
        "273.291",
        "247.81",
        "154.21",
        "0",
        "160.309",
        "161.491"
    ],
    [
        "87.828",
        "111.507",
        "93.021",
        "196.407",
        "160.309",
        "0",
        "80.256"
    ],
    [
        "80.798",
        "96.513",
        "77.757",
        "229.562",
        "161.491",
        "80.256",
        "0"
    ]
]