[
    [
        "0",
        "34.636",
        "10.376",
        "202.773",
        "278.249",
        "93.606",
        "80.746"
    ],
    [
        "34.636",
        "0",
        "19.065",
        "257.115",
        "264.099",
        "111.398",
        "96.55"
    ],
    [
        "10.376",
        "19.065",
        "0",
        "259.97",
        "247.434",
        "93.399",
        "77.525"
    ],
    [
        "202.773",
        "257.115",
        "259.97",
        "0",
        "240.61",
        "193.627",
        "241.344"
    ],
    [
        "278.249",
        "264.099",
        "247.434",
        "240.61",
        "0",
        "486.965",
        "161.615"
    ],
    [
        "93.606",
        "111.398",
        "93.399",
        "193.627",
        "486.965",
        "0",
        "79.815"
    ],
    [
        "80.746",
        "96.55",
        "77.525",
        "241.344",
        "161.615",
        "79.815",
        "0"
    ]
]