[
    [
        "0",
        "34.747",
        "10.534",
        "199.704",
        "268.281",
        "87.816",
        "80.929"
    ],
    [
        "34.747",
        "0",
        "19.096",
        "317.968",
        "269.691",
        "112.784",
        "96.468"
    ],
    [
        "10.534",
        "19.096",
        "0",
        "242.377",
        "247.901",
        "91.497",
        "77.667"
    ],
    [
        "199.704",
        "317.968",
        "242.377",
        "0",
        "143.45",
        "189.098",
        "240.558"
    ],
    [
        "268.281",
        "269.691",
        "247.901",
        "143.45",
        "0",
        "160.807",
        "153.94"
    ],
    [
        "87.816",
        "112.784",
        "91.497",
        "189.098",
        "160.807",
        "0",
        "77.046"
    ],
    [
        "80.929",
        "96.468",
        "77.667",
        "240.558",
        "153.94",
        "77.046",
        "0"
    ]
]