[
    [
        "0",
        "34.668",
        "10.499",
        "205.316",
        "244.812",
        "87.787",
        "80.808"
    ],
    [
        "34.668",
        "0",
        "19.536",
        "318.288",
        "266.936",
        "111.444",
        "96.485"
    ],
    [
        "10.499",
        "19.536",
        "0",
        "255.943",
        "261.231",
        "91.792",
        "77.77"
    ],
    [
        "205.316",
        "318.288",
        "255.943",
        "0",
        "115.025",
        "196.318",
        "244.217"
    ],
    [
        "244.812",
        "266.936",
        "261.231",
        "115.025",
        "0",
        "160.84",
        "154.199"
    ],
    [
        "87.787",
        "111.444",
        "91.792",
        "196.318",
        "160.84",
        "0",
        "79.318"
    ],
    [
        "80.808",
        "96.485",
        "77.77",
        "244.217",
        "154.199",
        "79.318",
        "0"
    ]
]