[
    [
        "0",
        "34.635",
        "10.52",
        "199.891",
        "261.781",
        "99.099",
        "80.844"
    ],
    [
        "34.635",
        "0",
        "19.12",
        "272.904",
        "266.893",
        "112.534",
        "96.463"
    ],
    [
        "10.52",
        "19.12",
        "0",
        "222.72",
        "248.696",
        "91.681",
        "77.742"
    ],
    [
        "199.891",
        "272.904",
        "222.72",
        "0",
        "106.523",
        "209.09",
        "245.634"
    ],
    [
        "261.781",
        "266.893",
        "248.696",
        "106.523",
        "0",
        "161.171",
        "151.176"
    ],
    [
        "99.099",
        "112.534",
        "91.681",
        "209.09",
        "161.171",
        "0",
        "75.945"
    ],
    [
        "80.844",
        "96.463",
        "77.742",
        "245.634",
        "151.176",
        "75.945",
        "0"
    ]
]