[
    [
        "0",
        "34.602",
        "10.473",
        "197.124",
        "262.038",
        "99.1",
        "80.895"
    ],
    [
        "34.602",
        "0",
        "19.165",
        "258.371",
        "270.063",
        "111.489",
        "96.448"
    ],
    [
        "10.473",
        "19.165",
        "0",
        "289.035",
        "247.159",
        "91.512",
        "77.652"
    ],
    [
        "197.124",
        "258.371",
        "289.035",
        "0",
        "106.269",
        "191.778",
        "254.458"
    ],
    [
        "262.038",
        "270.063",
        "247.159",
        "106.269",
        "0",
        "161.551",
        "153.757"
    ],
    [
        "99.1",
        "111.489",
        "91.512",
        "191.778",
        "161.551",
        "0",
        "79.295"
    ],
    [
        "80.895",
        "96.448",
        "77.652",
        "254.458",
        "153.757",
        "79.295",
        "0"
    ]
]