[
    [
        "0",
        "34.645",
        "10.459",
        "200.265",
        "268.449",
        "87.899",
        "80.843"
    ],
    [
        "34.645",
        "0",
        "19.113",
        "227.095",
        "267.251",
        "112.809",
        "96.41"
    ],
    [
        "10.459",
        "19.113",
        "0",
        "247.05",
        "247.828",
        "91.491",
        "77.595"
    ],
    [
        "200.265",
        "227.095",
        "247.05",
        "0",
        "129.824",
        "191.043",
        "240.666"
    ],
    [
        "268.449",
        "267.251",
        "247.828",
        "129.824",
        "0",
        "160.878",
        "153.927"
    ],
    [
        "87.899",
        "112.809",
        "91.491",
        "191.043",
        "160.878",
        "0",
        "77.405"
    ],
    [
        "80.843",
        "96.41",
        "77.595",
        "240.666",
        "153.927",
        "77.405",
        "0"
    ]
]