[
    [
        "0",
        "35.033",
        "10.504",
        "202.888",
        "240.178",
        "99.148",
        "80.831"
    ],
    [
        "35.033",
        "0",
        "19.106",
        "324.731",
        "273.147",
        "111.468",
        "96.503"
    ],
    [
        "10.504",
        "19.106",
        "0",
        "363.266",
        "248.658",
        "91.615",
        "77.701"
    ],
    [
        "202.888",
        "324.731",
        "363.266",
        "0",
        "108.633",
        "194.152",
        "232.679"
    ],
    [
        "240.178",
        "273.147",
        "248.658",
        "108.633",
        "0",
        "161.151",
        "151.475"
    ],
    [
        "99.148",
        "111.468",
        "91.615",
        "194.152",
        "161.151",
        "0",
        "90.364"
    ],
    [
        "80.831",
        "96.503",
        "77.701",
        "232.679",
        "151.475",
        "90.364",
        "0"
    ]
]