[
    [
        "0",
        "34.652",
        "10.537",
        "198.984",
        "268.334",
        "87.791",
        "80.863"
    ],
    [
        "34.652",
        "0",
        "19.167",
        "289.763",
        "272.614",
        "115.114",
        "96.418"
    ],
    [
        "10.537",
        "19.167",
        "0",
        "242.803",
        "247.887",
        "91.495",
        "77.719"
    ],
    [
        "198.984",
        "289.763",
        "242.803",
        "0",
        "131.694",
        "191.293",
        "295.277"
    ],
    [
        "268.334",
        "272.614",
        "247.887",
        "131.694",
        "0",
        "160.818",
        "153.867"
    ],
    [
        "87.791",
        "115.114",
        "91.495",
        "191.293",
        "160.818",
        "0",
        "76.396"
    ],
    [
        "80.863",
        "96.418",
        "77.719",
        "295.277",
        "153.867",
        "76.396",
        "0"
    ]
]