[
    [
        "0",
        "34.719",
        "10.452",
        "197.724",
        "262.925",
        "87.829",
        "80.776"
    ],
    [
        "34.719",
        "0",
        "19.155",
        "220.603",
        "273.493",
        "111.471",
        "96.431"
    ],
    [
        "10.452",
        "19.155",
        "0",
        "246.908",
        "246.813",
        "91.553",
        "77.646"
    ],
    [
        "197.724",
        "220.603",
        "246.908",
        "0",
        "106.165",
        "203.561",
        "249.277"
    ],
    [
        "262.925",
        "273.493",
        "246.813",
        "106.165",
        "0",
        "160.858",
        "153.799"
    ],
    [
        "87.829",
        "111.471",
        "91.553",
        "203.561",
        "160.858",
        "0",
        "74.521"
    ],
    [
        "80.776",
        "96.431",
        "77.646",
        "249.277",
        "153.799",
        "74.521",
        "0"
    ]
]