[
    [
        "0",
        "34.643",
        "10.497",
        "200.717",
        "267.621",
        "87.782",
        "80.787"
    ],
    [
        "34.643",
        "0",
        "19.123",
        "318.503",
        "270.701",
        "111.432",
        "96.43"
    ],
    [
        "10.497",
        "19.123",
        "0",
        "241.864",
        "259.32",
        "91.539",
        "77.566"
    ],
    [
        "200.717",
        "318.503",
        "241.864",
        "0",
        "108.394",
        "190.387",
        "254.188"
    ],
    [
        "267.621",
        "270.701",
        "259.32",
        "108.394",
        "0",
        "160.834",
        "153.755"
    ],
    [
        "87.782",
        "111.432",
        "91.539",
        "190.387",
        "160.834",
        "0",
        "79.327"
    ],
    [
        "80.787",
        "96.43",
        "77.566",
        "254.188",
        "153.755",
        "79.327",
        "0"
    ]
]