[
    [
        "0",
        "34.712",
        "10.502",
        "196.2",
        "262.077",
        "99.123",
        "80.909"
    ],
    [
        "34.712",
        "0",
        "19.086",
        "222.719",
        "263.388",
        "111.447",
        "96.457"
    ],
    [
        "10.502",
        "19.086",
        "0",
        "292.295",
        "247.093",
        "91.493",
        "77.513"
    ],
    [
        "196.2",
        "222.719",
        "292.295",
        "0",
        "106.271",
        "194.841",
        "274.095"
    ],
    [
        "262.077",
        "263.388",
        "247.093",
        "106.271",
        "0",
        "160.846",
        "153.701"
    ],
    [
        "99.123",
        "111.447",
        "91.493",
        "194.841",
        "160.846",
        "0",
        "79.308"
    ],
    [
        "80.909",
        "96.457",
        "77.513",
        "274.095",
        "153.701",
        "79.308",
        "0"
    ]
]