[
    [
        "0",
        "34.691",
        "10.535",
        "198.101",
        "261.87",
        "87.83",
        "84.238"
    ],
    [
        "34.691",
        "0",
        "19.119",
        "226.046",
        "270.04",
        "111.367",
        "96.45"
    ],
    [
        "10.535",
        "19.119",
        "0",
        "305.579",
        "246.622",
        "91.662",
        "77.686"
    ],
    [
        "198.101",
        "226.046",
        "305.579",
        "0",
        "106.292",
        "206.646",
        "257.858"
    ],
    [
        "261.87",
        "270.04",
        "246.622",
        "106.292",
        "0",
        "170.108",
        "153.871"
    ],
    [
        "87.83",
        "111.367",
        "91.662",
        "206.646",
        "170.108",
        "0",
        "76.919"
    ],
    [
        "84.238",
        "96.45",
        "77.686",
        "257.858",
        "153.871",
        "76.919",
        "0"
    ]
]