[
    [
        "0",
        "34.942",
        "10.473",
        "209.908",
        "277.848",
        "87.759",
        "80.745"
    ],
    [
        "34.942",
        "0",
        "19.107",
        "232.418",
        "270.148",
        "111.461",
        "97.166"
    ],
    [
        "10.473",
        "19.107",
        "0",
        "261.206",
        "247.62",
        "91.615",
        "77.62"
    ],
    [
        "209.908",
        "232.418",
        "261.206",
        "0",
        "147.648",
        "196.281",
        "224.138"
    ],
    [
        "277.848",
        "270.148",
        "247.62",
        "147.648",
        "0",
        "160.241",
        "161.467"
    ],
    [
        "87.759",
        "111.461",
        "91.615",
        "196.281",
        "160.241",
        "0",
        "78.637"
    ],
    [
        "80.745",
        "97.166",
        "77.62",
        "224.138",
        "161.467",
        "78.637",
        "0"
    ]
]