[
    [
        "0",
        "34.805",
        "10.447",
        "204.492",
        "277.903",
        "90.406",
        "80.834"
    ],
    [
        "34.805",
        "0",
        "19.077",
        "235.554",
        "266.722",
        "111.47",
        "96.459"
    ],
    [
        "10.447",
        "19.077",
        "0",
        "260.881",
        "247.676",
        "91.551",
        "77.647"
    ],
    [
        "204.492",
        "235.554",
        "260.881",
        "0",
        "118.7",
        "191.938",
        "333.186"
    ],
    [
        "277.903",
        "266.722",
        "247.676",
        "118.7",
        "0",
        "160.162",
        "161.421"
    ],
    [
        "90.406",
        "111.47",
        "91.551",
        "191.938",
        "160.162",
        "0",
        "80.928"
    ],
    [
        "80.834",
        "96.459",
        "77.647",
        "333.186",
        "161.421",
        "80.928",
        "0"
    ]
]