[
    [
        "0",
        "39.414",
        "10.666",
        "199.192",
        "261.944",
        "87.843",
        "80.812"
    ],
    [
        "39.414",
        "0",
        "19.096",
        "233.8",
        "272.677",
        "111.399",
        "96.492"
    ],
    [
        "10.666",
        "19.096",
        "0",
        "243.015",
        "246.962",
        "91.557",
        "77.683"
    ],
    [
        "199.192",
        "233.8",
        "243.015",
        "0",
        "106.684",
        "194.968",
        "252.595"
    ],
    [
        "261.944",
        "272.677",
        "246.962",
        "106.684",
        "0",
        "197.253",
        "155.535"
    ],
    [
        "87.843",
        "111.399",
        "91.557",
        "194.968",
        "197.253",
        "0",
        "79.9"
    ],
    [
        "80.812",
        "96.492",
        "77.683",
        "252.595",
        "155.535",
        "79.9",
        "0"
    ]
]