[
    [
        "0",
        "34.659",
        "10.485",
        "203.872",
        "262.914",
        "87.823",
        "80.845"
    ],
    [
        "34.659",
        "0",
        "19.067",
        "233.033",
        "270.118",
        "111.45",
        "96.415"
    ],
    [
        "10.485",
        "19.067",
        "0",
        "242.018",
        "246.784",
        "91.648",
        "77.632"
    ],
    [
        "203.872",
        "233.033",
        "242.018",
        "0",
        "113.264",
        "190.712",
        "354.915"
    ],
    [
        "262.914",
        "270.118",
        "246.784",
        "113.264",
        "0",
        "160.905",
        "153.712"
    ],
    [
        "87.823",
        "111.45",
        "91.648",
        "190.712",
        "160.905",
        "0",
        "74.56"
    ],
    [
        "80.845",
        "96.415",
        "77.632",
        "354.915",
        "153.712",
        "74.56",
        "0"
    ]
]