[
    [
        "0",
        "34.665",
        "10.395",
        "210.641",
        "262.987",
        "87.86",
        "80.833"
    ],
    [
        "34.665",
        "0",
        "19.062",
        "330.206",
        "273.068",
        "111.421",
        "96.45"
    ],
    [
        "10.395",
        "19.062",
        "0",
        "246.905",
        "248.639",
        "91.892",
        "77.894"
    ],
    [
        "210.641",
        "330.206",
        "246.905",
        "0",
        "107.754",
        "192.875",
        "254.152"
    ],
    [
        "262.987",
        "273.068",
        "248.639",
        "107.754",
        "0",
        "161.456",
        "153.744"
    ],
    [
        "87.86",
        "111.421",
        "91.892",
        "192.875",
        "161.456",
        "0",
        "79.443"
    ],
    [
        "80.833",
        "96.45",
        "77.894",
        "254.152",
        "153.744",
        "79.443",
        "0"
    ]
]