[
    [
        "0",
        "35.117",
        "10.643",
        "198.399",
        "241.282",
        "88.195",
        "80.903"
    ],
    [
        "35.117",
        "0",
        "19.067",
        "282.159",
        "267.086",
        "112.06",
        "96.408"
    ],
    [
        "10.643",
        "19.067",
        "0",
        "242.001",
        "246.6",
        "91.585",
        "77.495"
    ],
    [
        "198.399",
        "282.159",
        "242.001",
        "0",
        "106.104",
        "184.938",
        "254.514"
    ],
    [
        "241.282",
        "267.086",
        "246.6",
        "106.104",
        "0",
        "160.805",
        "153.841"
    ],
    [
        "88.195",
        "112.06",
        "91.585",
        "184.938",
        "160.805",
        "0",
        "79.712"
    ],
    [
        "80.903",
        "96.408",
        "77.495",
        "254.514",
        "153.841",
        "79.712",
        "0"
    ]
]