[
    [
        "0",
        "34.678",
        "10.45",
        "209.605",
        "262.99",
        "87.819",
        "80.87"
    ],
    [
        "34.678",
        "0",
        "19.296",
        "295.872",
        "273.311",
        "111.433",
        "96.435"
    ],
    [
        "10.45",
        "19.296",
        "0",
        "249.27",
        "248.049",
        "91.553",
        "77.63"
    ],
    [
        "209.605",
        "295.872",
        "249.27",
        "0",
        "111.739",
        "193.42",
        "254.562"
    ],
    [
        "262.99",
        "273.311",
        "248.049",
        "111.739",
        "0",
        "160.792",
        "153.742"
    ],
    [
        "87.819",
        "111.433",
        "91.553",
        "193.42",
        "160.792",
        "0",
        "79.757"
    ],
    [
        "80.87",
        "96.435",
        "77.63",
        "254.562",
        "153.742",
        "79.757",
        "0"
    ]
]