[
    [
        "0",
        "34.688",
        "10.491",
        "204.09",
        "267.184",
        "92.909",
        "80.778"
    ],
    [
        "34.688",
        "0",
        "19.064",
        "285.661",
        "270.069",
        "118.933",
        "96.465"
    ],
    [
        "10.491",
        "19.064",
        "0",
        "294.171",
        "246.693",
        "91.636",
        "77.621"
    ],
    [
        "204.09",
        "285.661",
        "294.171",
        "0",
        "106.614",
        "193.268",
        "253.409"
    ],
    [
        "267.184",
        "270.069",
        "246.693",
        "106.614",
        "0",
        "160.849",
        "153.813"
    ],
    [
        "92.909",
        "118.933",
        "91.636",
        "193.268",
        "160.849",
        "0",
        "80.633"
    ],
    [
        "80.778",
        "96.465",
        "77.621",
        "253.409",
        "153.813",
        "80.633",
        "0"
    ]
]