[
    [
        "0",
        "34.693",
        "10.375",
        "197.998",
        "261.946",
        "99.05",
        "80.796"
    ],
    [
        "34.693",
        "0",
        "19.087",
        "275.129",
        "266.353",
        "111.455",
        "96.483"
    ],
    [
        "10.375",
        "19.087",
        "0",
        "242.804",
        "246.725",
        "91.515",
        "77.794"
    ],
    [
        "197.998",
        "275.129",
        "242.804",
        "0",
        "107.985",
        "191.947",
        "235.315"
    ],
    [
        "261.946",
        "266.353",
        "246.725",
        "107.985",
        "0",
        "161.111",
        "151.492"
    ],
    [
        "99.05",
        "111.455",
        "91.515",
        "191.947",
        "161.111",
        "0",
        "78.056"
    ],
    [
        "80.796",
        "96.483",
        "77.794",
        "235.315",
        "151.492",
        "78.056",
        "0"
    ]
]