[
    [
        "0",
        "34.685",
        "10.513",
        "202.606",
        "262.927",
        "87.868",
        "84.206"
    ],
    [
        "34.685",
        "0",
        "19.075",
        "228.655",
        "267.758",
        "111.361",
        "96.446"
    ],
    [
        "10.513",
        "19.075",
        "0",
        "247.628",
        "246.744",
        "91.447",
        "77.565"
    ],
    [
        "202.606",
        "228.655",
        "247.628",
        "0",
        "106.416",
        "191.894",
        "250.37"
    ],
    [
        "262.927",
        "267.758",
        "246.744",
        "106.416",
        "0",
        "161.272",
        "153.881"
    ],
    [
        "87.868",
        "111.361",
        "91.447",
        "191.894",
        "161.272",
        "0",
        "79.347"
    ],
    [
        "84.206",
        "96.446",
        "77.565",
        "250.37",
        "153.881",
        "79.347",
        "0"
    ]
]