[
    [
        "0",
        "34.735",
        "10.45",
        "206.709",
        "277.925",
        "87.77",
        "80.814"
    ],
    [
        "34.735",
        "0",
        "19.032",
        "225.169",
        "264.438",
        "111.446",
        "96.434"
    ],
    [
        "10.45",
        "19.032",
        "0",
        "263.422",
        "247.697",
        "92.867",
        "77.51"
    ],
    [
        "206.709",
        "225.169",
        "263.422",
        "0",
        "144.843",
        "206.155",
        "252.495"
    ],
    [
        "277.925",
        "264.438",
        "247.697",
        "144.843",
        "0",
        "161.399",
        "161.574"
    ],
    [
        "87.77",
        "111.446",
        "92.867",
        "206.155",
        "161.399",
        "0",
        "75.045"
    ],
    [
        "80.814",
        "96.434",
        "77.51",
        "252.495",
        "161.574",
        "75.045",
        "0"
    ]
]