[
    [
        "0",
        "34.731",
        "10.594",
        "204.03",
        "262.099",
        "87.791",
        "80.93"
    ],
    [
        "34.731",
        "0",
        "19.119",
        "270.329",
        "270.046",
        "112.1",
        "96.452"
    ],
    [
        "10.594",
        "19.119",
        "0",
        "241.772",
        "247.129",
        "91.625",
        "77.821"
    ],
    [
        "204.03",
        "270.329",
        "241.772",
        "0",
        "105.928",
        "184.924",
        "249.262"
    ],
    [
        "262.099",
        "270.046",
        "247.129",
        "105.928",
        "0",
        "160.763",
        "153.75"
    ],
    [
        "87.791",
        "112.1",
        "91.625",
        "184.924",
        "160.763",
        "0",
        "74.509"
    ],
    [
        "80.93",
        "96.452",
        "77.821",
        "249.262",
        "153.75",
        "74.509",
        "0"
    ]
]