[
    [
        "0",
        "34.867",
        "10.604",
        "198.387",
        "262.894",
        "87.904",
        "80.901"
    ],
    [
        "34.867",
        "0",
        "19.097",
        "223.197",
        "270.151",
        "111.418",
        "96.449"
    ],
    [
        "10.604",
        "19.097",
        "0",
        "241.79",
        "246.607",
        "91.497",
        "77.787"
    ],
    [
        "198.387",
        "223.197",
        "241.79",
        "0",
        "106.452",
        "185.389",
        "249.818"
    ],
    [
        "262.894",
        "270.151",
        "246.607",
        "106.452",
        "0",
        "160.809",
        "153.846"
    ],
    [
        "87.904",
        "111.418",
        "91.497",
        "185.389",
        "160.809",
        "0",
        "74.969"
    ],
    [
        "80.901",
        "96.449",
        "77.787",
        "249.818",
        "153.846",
        "74.969",
        "0"
    ]
]