[
    [
        "0",
        "34.586",
        "11.792",
        "207.324",
        "266.944",
        "87.821",
        "80.905"
    ],
    [
        "34.586",
        "0",
        "19.158",
        "230.313",
        "255.894",
        "111.431",
        "96.417"
    ],
    [
        "11.792",
        "19.158",
        "0",
        "256.49",
        "248.578",
        "91.483",
        "77.574"
    ],
    [
        "207.324",
        "230.313",
        "256.49",
        "0",
        "125.533",
        "189.883",
        "241.129"
    ],
    [
        "266.944",
        "255.894",
        "248.578",
        "125.533",
        "0",
        "161.712",
        "153.979"
    ],
    [
        "87.821",
        "111.431",
        "91.483",
        "189.883",
        "161.712",
        "0",
        "75.568"
    ],
    [
        "80.905",
        "96.417",
        "77.574",
        "241.129",
        "153.979",
        "75.568",
        "0"
    ]
]