[
    [
        "0",
        "34.643",
        "10.441",
        "202.311",
        "261.841",
        "87.8",
        "80.848"
    ],
    [
        "34.643",
        "0",
        "19.096",
        "274.472",
        "266.827",
        "111.475",
        "96.462"
    ],
    [
        "10.441",
        "19.096",
        "0",
        "244.029",
        "246.626",
        "91.477",
        "77.64"
    ],
    [
        "202.311",
        "274.472",
        "244.029",
        "0",
        "107.233",
        "204.785",
        "256.186"
    ],
    [
        "261.841",
        "266.827",
        "246.626",
        "107.233",
        "0",
        "194.431",
        "153.705"
    ],
    [
        "87.8",
        "111.475",
        "91.477",
        "204.785",
        "194.431",
        "0",
        "77.342"
    ],
    [
        "80.848",
        "96.462",
        "77.64",
        "256.186",
        "153.705",
        "77.342",
        "0"
    ]
]