[
    [
        "0",
        "34.719",
        "10.496",
        "198.461",
        "262.178",
        "87.849",
        "80.837"
    ],
    [
        "34.719",
        "0",
        "19.061",
        "268.414",
        "270.052",
        "111.519",
        "96.517"
    ],
    [
        "10.496",
        "19.061",
        "0",
        "241.934",
        "247.01",
        "91.67",
        "77.609"
    ],
    [
        "198.461",
        "268.414",
        "241.934",
        "0",
        "105.974",
        "185.178",
        "254.143"
    ],
    [
        "262.178",
        "270.052",
        "247.01",
        "105.974",
        "0",
        "160.844",
        "153.933"
    ],
    [
        "87.849",
        "111.519",
        "91.67",
        "185.178",
        "160.844",
        "0",
        "79.314"
    ],
    [
        "80.837",
        "96.517",
        "77.609",
        "254.143",
        "153.933",
        "79.314",
        "0"
    ]
]