[
    [
        "0",
        "34.736",
        "10.408",
        "198.138",
        "262.887",
        "87.805",
        "80.876"
    ],
    [
        "34.736",
        "0",
        "19.117",
        "211.239",
        "272.616",
        "111.419",
        "96.439"
    ],
    [
        "10.408",
        "19.117",
        "0",
        "248.752",
        "246.639",
        "91.46",
        "77.663"
    ],
    [
        "198.138",
        "211.239",
        "248.752",
        "0",
        "106.175",
        "184.924",
        "254.008"
    ],
    [
        "262.887",
        "272.616",
        "246.639",
        "106.175",
        "0",
        "160.87",
        "153.758"
    ],
    [
        "87.805",
        "111.419",
        "91.46",
        "184.924",
        "160.87",
        "0",
        "79.874"
    ],
    [
        "80.876",
        "96.439",
        "77.663",
        "254.008",
        "153.758",
        "79.874",
        "0"
    ]
]