[
    [
        "0",
        "37.648",
        "10.977",
        "199.459",
        "263.086",
        "89.909",
        "81.468"
    ],
    [
        "37.648",
        "0",
        "19.513",
        "220.275",
        "270.431",
        "111.906",
        "97.624"
    ],
    [
        "10.977",
        "19.513",
        "0",
        "241.871",
        "246.699",
        "91.639",
        "77.526"
    ],
    [
        "199.459",
        "220.275",
        "241.871",
        "0",
        "106.058",
        "184.933",
        "253.997"
    ],
    [
        "263.086",
        "270.431",
        "246.699",
        "106.058",
        "0",
        "161.178",
        "153.714"
    ],
    [
        "89.909",
        "111.906",
        "91.639",
        "184.933",
        "161.178",
        "0",
        "79.21"
    ],
    [
        "81.468",
        "97.624",
        "77.526",
        "253.997",
        "153.714",
        "79.21",
        "0"
    ]
]