[
    [
        "0",
        "34.769",
        "10.641",
        "208.792",
        "277.92",
        "87.832",
        "80.855"
    ],
    [
        "34.769",
        "0",
        "19.505",
        "232.571",
        "267.289",
        "111.425",
        "96.483"
    ],
    [
        "10.641",
        "19.505",
        "0",
        "276.143",
        "247.963",
        "91.556",
        "77.619"
    ],
    [
        "208.792",
        "232.571",
        "276.143",
        "0",
        "169.502",
        "204.737",
        "246.317"
    ],
    [
        "277.92",
        "267.289",
        "247.963",
        "169.502",
        "0",
        "163.71",
        "161.788"
    ],
    [
        "87.832",
        "111.425",
        "91.556",
        "204.737",
        "163.71",
        "0",
        "81.151"
    ],
    [
        "80.855",
        "96.483",
        "77.619",
        "246.317",
        "161.788",
        "81.151",
        "0"
    ]
]