[
    [
        "0",
        "36.609",
        "10.558",
        "197.667",
        "263.044",
        "89.702",
        "80.818"
    ],
    [
        "36.609",
        "0",
        "19.25",
        "220.696",
        "270.421",
        "111.671",
        "96.587"
    ],
    [
        "10.558",
        "19.25",
        "0",
        "241.749",
        "246.788",
        "92.299",
        "77.586"
    ],
    [
        "197.667",
        "220.696",
        "241.749",
        "0",
        "106.28",
        "191.362",
        "215.844"
    ],
    [
        "263.044",
        "270.421",
        "246.788",
        "106.28",
        "0",
        "160.885",
        "153.795"
    ],
    [
        "89.702",
        "111.671",
        "92.299",
        "191.362",
        "160.885",
        "0",
        "74.909"
    ],
    [
        "80.818",
        "96.587",
        "77.586",
        "215.844",
        "153.795",
        "74.909",
        "0"
    ]
]