[
    [
        "0",
        "34.634",
        "10.439",
        "199.763",
        "262.184",
        "87.739",
        "80.975"
    ],
    [
        "34.634",
        "0",
        "19.177",
        "278.678",
        "270.278",
        "111.421",
        "96.397"
    ],
    [
        "10.439",
        "19.177",
        "0",
        "270.581",
        "246.623",
        "91.529",
        "77.681"
    ],
    [
        "199.763",
        "278.678",
        "270.581",
        "0",
        "107.618",
        "196.046",
        "249.361"
    ],
    [
        "262.184",
        "270.278",
        "246.623",
        "107.618",
        "0",
        "170.165",
        "153.744"
    ],
    [
        "87.739",
        "111.421",
        "91.529",
        "196.046",
        "170.165",
        "0",
        "74.806"
    ],
    [
        "80.975",
        "96.397",
        "77.681",
        "249.361",
        "153.744",
        "74.806",
        "0"
    ]
]