[
    [
        "0",
        "34.875",
        "11.813",
        "198.491",
        "277.961",
        "87.73",
        "80.832"
    ],
    [
        "34.875",
        "0",
        "19.098",
        "257.824",
        "264.104",
        "112.761",
        "96.404"
    ],
    [
        "11.813",
        "19.098",
        "0",
        "266.681",
        "249.603",
        "91.588",
        "77.503"
    ],
    [
        "198.491",
        "257.824",
        "266.681",
        "0",
        "213.477",
        "184.677",
        "235.265"
    ],
    [
        "277.961",
        "264.104",
        "249.603",
        "213.477",
        "0",
        "160.232",
        "153.926"
    ],
    [
        "87.73",
        "112.761",
        "91.588",
        "184.677",
        "160.232",
        "0",
        "76.4"
    ],
    [
        "80.832",
        "96.404",
        "77.503",
        "235.265",
        "153.926",
        "76.4",
        "0"
    ]
]