[
    [
        "0",
        "34.853",
        "10.369",
        "199.535",
        "277.795",
        "87.827",
        "80.852"
    ],
    [
        "34.853",
        "0",
        "19.23",
        "221.005",
        "264.337",
        "111.836",
        "96.437"
    ],
    [
        "10.369",
        "19.23",
        "0",
        "274.954",
        "247.638",
        "92.445",
        "77.586"
    ],
    [
        "199.535",
        "221.005",
        "274.954",
        "0",
        "107.395",
        "189.202",
        "243.095"
    ],
    [
        "277.795",
        "264.337",
        "247.638",
        "107.395",
        "0",
        "160.247",
        "161.446"
    ],
    [
        "87.827",
        "111.836",
        "92.445",
        "189.202",
        "160.247",
        "0",
        "78.421"
    ],
    [
        "80.852",
        "96.437",
        "77.586",
        "243.095",
        "161.446",
        "78.421",
        "0"
    ]
]