[
    [
        "0",
        "34.721",
        "10.441",
        "204.245",
        "267.443",
        "87.802",
        "80.875"
    ],
    [
        "34.721",
        "0",
        "19.201",
        "320.526",
        "269.886",
        "111.594",
        "96.477"
    ],
    [
        "10.441",
        "19.201",
        "0",
        "296.66",
        "259.433",
        "91.452",
        "77.645"
    ],
    [
        "204.245",
        "320.526",
        "296.66",
        "0",
        "106.929",
        "219.723",
        "271.715"
    ],
    [
        "267.443",
        "269.886",
        "259.433",
        "106.929",
        "0",
        "160.876",
        "154.079"
    ],
    [
        "87.802",
        "111.594",
        "91.452",
        "219.723",
        "160.876",
        "0",
        "87.202"
    ],
    [
        "80.875",
        "96.477",
        "77.645",
        "271.715",
        "154.079",
        "87.202",
        "0"
    ]
]