[
    [
        "0",
        "34.678",
        "10.502",
        "208.302",
        "262.026",
        "87.888",
        "80.838"
    ],
    [
        "34.678",
        "0",
        "19.107",
        "231.043",
        "270.52",
        "111.472",
        "96.449"
    ],
    [
        "10.502",
        "19.107",
        "0",
        "242.949",
        "247.202",
        "91.756",
        "77.679"
    ],
    [
        "208.302",
        "231.043",
        "242.949",
        "0",
        "110.626",
        "196.936",
        "257.054"
    ],
    [
        "262.026",
        "270.52",
        "247.202",
        "110.626",
        "0",
        "160.797",
        "153.76"
    ],
    [
        "87.888",
        "111.472",
        "91.756",
        "196.936",
        "160.797",
        "0",
        "78.094"
    ],
    [
        "80.838",
        "96.449",
        "77.679",
        "257.054",
        "153.76",
        "78.094",
        "0"
    ]
]