[
    [
        "0",
        "42.333",
        "10.609",
        "204.36",
        "240.117",
        "87.844",
        "84.333"
    ],
    [
        "42.333",
        "0",
        "19.094",
        "237.488",
        "269.624",
        "111.478",
        "96.469"
    ],
    [
        "10.609",
        "19.094",
        "0",
        "275.427",
        "246.754",
        "91.506",
        "77.662"
    ],
    [
        "204.36",
        "237.488",
        "275.427",
        "0",
        "106.673",
        "198.424",
        "291.815"
    ],
    [
        "240.117",
        "269.624",
        "246.754",
        "106.673",
        "0",
        "219.102",
        "156.458"
    ],
    [
        "87.844",
        "111.478",
        "91.506",
        "198.424",
        "219.102",
        "0",
        "101.394"
    ],
    [
        "84.333",
        "96.469",
        "77.662",
        "291.815",
        "156.458",
        "101.394",
        "0"
    ]
]