[
    [
        "0",
        "34.693",
        "10.571",
        "206.036",
        "244.83",
        "87.825",
        "84.342"
    ],
    [
        "34.693",
        "0",
        "19.178",
        "349.102",
        "263.825",
        "111.532",
        "96.535"
    ],
    [
        "10.571",
        "19.178",
        "0",
        "242.555",
        "261.604",
        "91.5",
        "77.7"
    ],
    [
        "206.036",
        "349.102",
        "242.555",
        "0",
        "134.02",
        "200.092",
        "249.318"
    ],
    [
        "244.83",
        "263.825",
        "261.604",
        "134.02",
        "0",
        "160.877",
        "154.006"
    ],
    [
        "87.825",
        "111.532",
        "91.5",
        "200.092",
        "160.877",
        "0",
        "79.383"
    ],
    [
        "84.342",
        "96.535",
        "77.7",
        "249.318",
        "154.006",
        "79.383",
        "0"
    ]
]