[
    [
        "0",
        "34.717",
        "10.427",
        "199.353",
        "262.065",
        "99.13",
        "80.796"
    ],
    [
        "34.717",
        "0",
        "19.103",
        "264.426",
        "266.704",
        "111.439",
        "96.437"
    ],
    [
        "10.427",
        "19.103",
        "0",
        "259.665",
        "247.11",
        "91.492",
        "77.648"
    ],
    [
        "199.353",
        "264.426",
        "259.665",
        "0",
        "107.197",
        "192.103",
        "254.182"
    ],
    [
        "262.065",
        "266.704",
        "247.11",
        "107.197",
        "0",
        "160.766",
        "153.751"
    ],
    [
        "99.13",
        "111.439",
        "91.492",
        "192.103",
        "160.766",
        "0",
        "79.262"
    ],
    [
        "80.796",
        "96.437",
        "77.648",
        "254.182",
        "153.751",
        "79.262",
        "0"
    ]
]