[
    [
        "0",
        "36.269",
        "10.342",
        "197.571",
        "267.363",
        "89.851",
        "80.72"
    ],
    [
        "36.269",
        "0",
        "19.706",
        "218.883",
        "267.227",
        "115.302",
        "97.174"
    ],
    [
        "10.342",
        "19.706",
        "0",
        "221.819",
        "261.217",
        "91.429",
        "77.653"
    ],
    [
        "197.571",
        "218.883",
        "221.819",
        "0",
        "177.528",
        "185.106",
        "232.774"
    ],
    [
        "267.363",
        "267.227",
        "261.217",
        "177.528",
        "0",
        "160.872",
        "153.9"
    ],
    [
        "89.851",
        "115.302",
        "91.429",
        "185.106",
        "160.872",
        "0",
        "76.366"
    ],
    [
        "80.72",
        "97.174",
        "77.653",
        "232.774",
        "153.9",
        "76.366",
        "0"
    ]
]