[
    [
        "0",
        "34.747",
        "10.468",
        "205.025",
        "262.892",
        "87.745",
        "80.914"
    ],
    [
        "34.747",
        "0",
        "19.101",
        "282.639",
        "272.587",
        "111.458",
        "96.408"
    ],
    [
        "10.468",
        "19.101",
        "0",
        "295.368",
        "246.648",
        "91.515",
        "77.751"
    ],
    [
        "205.025",
        "282.639",
        "295.368",
        "0",
        "107.118",
        "194.933",
        "269.215"
    ],
    [
        "262.892",
        "272.587",
        "246.648",
        "107.118",
        "0",
        "160.82",
        "153.78"
    ],
    [
        "87.745",
        "111.458",
        "91.515",
        "194.933",
        "160.82",
        "0",
        "76.069"
    ],
    [
        "80.914",
        "96.408",
        "77.751",
        "269.215",
        "153.78",
        "76.069",
        "0"
    ]
]