[
    [
        "0",
        "34.735",
        "10.62",
        "203.12",
        "240.141",
        "87.832",
        "84.413"
    ],
    [
        "34.735",
        "0",
        "19.122",
        "246.11",
        "270.032",
        "111.469",
        "96.5"
    ],
    [
        "10.62",
        "19.122",
        "0",
        "296.549",
        "246.654",
        "91.501",
        "77.75"
    ],
    [
        "203.12",
        "246.11",
        "296.549",
        "0",
        "105.353",
        "184.922",
        "232.561"
    ],
    [
        "240.141",
        "270.032",
        "246.654",
        "105.353",
        "0",
        "162.324",
        "150.629"
    ],
    [
        "87.832",
        "111.469",
        "91.501",
        "184.922",
        "162.324",
        "0",
        "78.067"
    ],
    [
        "84.413",
        "96.5",
        "77.75",
        "232.561",
        "150.629",
        "78.067",
        "0"
    ]
]