[
    [
        "0",
        "35.57",
        "10.971",
        "218.869",
        "262.966",
        "87.831",
        "80.761"
    ],
    [
        "35.57",
        "0",
        "19.076",
        "297.106",
        "268.159",
        "111.653",
        "97.125"
    ],
    [
        "10.971",
        "19.076",
        "0",
        "243.569",
        "246.685",
        "91.596",
        "77.552"
    ],
    [
        "218.869",
        "297.106",
        "243.569",
        "0",
        "108.434",
        "191.296",
        "249.611"
    ],
    [
        "262.966",
        "268.159",
        "246.685",
        "108.434",
        "0",
        "160.823",
        "153.73"
    ],
    [
        "87.831",
        "111.653",
        "91.596",
        "191.296",
        "160.823",
        "0",
        "74.734"
    ],
    [
        "80.761",
        "97.125",
        "77.552",
        "249.611",
        "153.73",
        "74.734",
        "0"
    ]
]