[
    [
        "0",
        "34.692",
        "10.46",
        "210.697",
        "262.988",
        "87.826",
        "80.826"
    ],
    [
        "34.692",
        "0",
        "19.277",
        "326.183",
        "266.294",
        "111.461",
        "96.481"
    ],
    [
        "10.46",
        "19.277",
        "0",
        "293.71",
        "248.351",
        "91.706",
        "77.68"
    ],
    [
        "210.697",
        "326.183",
        "293.71",
        "0",
        "125.612",
        "198.642",
        "257.691"
    ],
    [
        "262.988",
        "266.294",
        "248.351",
        "125.612",
        "0",
        "160.778",
        "153.761"
    ],
    [
        "87.826",
        "111.461",
        "91.706",
        "198.642",
        "160.778",
        "0",
        "80.775"
    ],
    [
        "80.826",
        "96.481",
        "77.68",
        "257.691",
        "153.761",
        "80.775",
        "0"
    ]
]