[
    [
        "0",
        "34.629",
        "10.44",
        "198.276",
        "267.013",
        "87.814",
        "80.866"
    ],
    [
        "34.629",
        "0",
        "19.114",
        "209.454",
        "270.525",
        "111.446",
        "96.426"
    ],
    [
        "10.44",
        "19.114",
        "0",
        "241.781",
        "248.64",
        "91.542",
        "77.612"
    ],
    [
        "198.276",
        "209.454",
        "241.781",
        "0",
        "106.46",
        "185.205",
        "240.101"
    ],
    [
        "267.013",
        "270.525",
        "248.64",
        "106.46",
        "0",
        "160.873",
        "153.87"
    ],
    [
        "87.814",
        "111.446",
        "91.542",
        "185.205",
        "160.873",
        "0",
        "76.054"
    ],
    [
        "80.866",
        "96.426",
        "77.612",
        "240.101",
        "153.87",
        "76.054",
        "0"
    ]
]