[
    [
        "0",
        "35.232",
        "11.05",
        "217.818",
        "263.056",
        "87.877",
        "80.818"
    ],
    [
        "35.232",
        "0",
        "19.112",
        "232.852",
        "266.455",
        "111.489",
        "97.157"
    ],
    [
        "11.05",
        "19.112",
        "0",
        "244.198",
        "246.737",
        "91.558",
        "77.904"
    ],
    [
        "217.818",
        "232.852",
        "244.198",
        "0",
        "110.05",
        "194.96",
        "255.603"
    ],
    [
        "263.056",
        "266.455",
        "246.737",
        "110.05",
        "0",
        "192.806",
        "153.731"
    ],
    [
        "87.877",
        "111.489",
        "91.558",
        "194.96",
        "192.806",
        "0",
        "74.401"
    ],
    [
        "80.818",
        "97.157",
        "77.904",
        "255.603",
        "153.731",
        "74.401",
        "0"
    ]
]