[
    [
        "0",
        "34.602",
        "10.53",
        "204.7",
        "241.192",
        "87.773",
        "80.838"
    ],
    [
        "34.602",
        "0",
        "19.225",
        "268.802",
        "266.374",
        "111.381",
        "96.415"
    ],
    [
        "10.53",
        "19.225",
        "0",
        "242.077",
        "246.719",
        "91.411",
        "77.527"
    ],
    [
        "204.7",
        "268.802",
        "242.077",
        "0",
        "111.036",
        "195.492",
        "249.841"
    ],
    [
        "241.192",
        "266.374",
        "246.719",
        "111.036",
        "0",
        "160.855",
        "153.874"
    ],
    [
        "87.773",
        "111.381",
        "91.411",
        "195.492",
        "160.855",
        "0",
        "76.554"
    ],
    [
        "80.838",
        "96.415",
        "77.527",
        "249.841",
        "153.874",
        "76.554",
        "0"
    ]
]