[
    [
        "0",
        "34.839",
        "10.439",
        "198.344",
        "277.896",
        "87.84",
        "80.786"
    ],
    [
        "34.839",
        "0",
        "19.039",
        "221.129",
        "266.943",
        "111.589",
        "96.462"
    ],
    [
        "10.439",
        "19.039",
        "0",
        "306.363",
        "247.616",
        "91.569",
        "77.561"
    ],
    [
        "198.344",
        "221.129",
        "306.363",
        "0",
        "109.431",
        "188.429",
        "243.138"
    ],
    [
        "277.896",
        "266.943",
        "247.616",
        "109.431",
        "0",
        "160.342",
        "161.427"
    ],
    [
        "87.84",
        "111.589",
        "91.569",
        "188.429",
        "160.342",
        "0",
        "78.04"
    ],
    [
        "80.786",
        "96.462",
        "77.561",
        "243.138",
        "161.427",
        "78.04",
        "0"
    ]
]