[
    [
        "0",
        "34.709",
        "10.392",
        "167.789",
        "262.021",
        "99.128",
        "84.405"
    ],
    [
        "34.709",
        "0",
        "19.081",
        "347.911",
        "266.898",
        "111.428",
        "96.464"
    ],
    [
        "10.392",
        "19.081",
        "0",
        "272.624",
        "248.673",
        "91.439",
        "77.802"
    ],
    [
        "167.789",
        "347.911",
        "272.624",
        "0",
        "106.15",
        "189.525",
        "199.06"
    ],
    [
        "262.021",
        "266.898",
        "248.673",
        "106.15",
        "0",
        "161.059",
        "151.257"
    ],
    [
        "99.128",
        "111.428",
        "91.439",
        "189.525",
        "161.059",
        "0",
        "75.913"
    ],
    [
        "84.405",
        "96.464",
        "77.802",
        "199.06",
        "151.257",
        "75.913",
        "0"
    ]
]