[
    [
        "0",
        "34.718",
        "10.388",
        "208.128",
        "262.905",
        "87.834",
        "80.876"
    ],
    [
        "34.718",
        "0",
        "19.115",
        "231.131",
        "263.291",
        "111.461",
        "96.441"
    ],
    [
        "10.388",
        "19.115",
        "0",
        "256.161",
        "247.029",
        "91.48",
        "77.626"
    ],
    [
        "208.128",
        "231.131",
        "256.161",
        "0",
        "108.166",
        "204.214",
        "256.808"
    ],
    [
        "262.905",
        "263.291",
        "247.029",
        "108.166",
        "0",
        "160.829",
        "153.717"
    ],
    [
        "87.834",
        "111.461",
        "91.48",
        "204.214",
        "160.829",
        "0",
        "79.292"
    ],
    [
        "80.876",
        "96.441",
        "77.626",
        "256.808",
        "153.717",
        "79.292",
        "0"
    ]
]