[
    [
        "0",
        "34.736",
        "10.454",
        "198.0",
        "262.067",
        "87.737",
        "80.888"
    ],
    [
        "34.736",
        "0",
        "19.118",
        "275.18",
        "269.467",
        "112.14",
        "96.424"
    ],
    [
        "10.454",
        "19.118",
        "0",
        "246.442",
        "247.107",
        "91.522",
        "77.689"
    ],
    [
        "198.0",
        "275.18",
        "246.442",
        "0",
        "107.563",
        "190.694",
        "249.545"
    ],
    [
        "262.067",
        "269.467",
        "247.107",
        "107.563",
        "0",
        "168.052",
        "153.763"
    ],
    [
        "87.737",
        "112.14",
        "91.522",
        "190.694",
        "168.052",
        "0",
        "74.566"
    ],
    [
        "80.888",
        "96.424",
        "77.689",
        "249.545",
        "153.763",
        "74.566",
        "0"
    ]
]