[
    [
        "0",
        "36.324",
        "10.477",
        "208.462",
        "257.693",
        "87.858",
        "80.845"
    ],
    [
        "36.324",
        "0",
        "19.316",
        "344.932",
        "262.87",
        "111.499",
        "96.444"
    ],
    [
        "10.477",
        "19.316",
        "0",
        "243.151",
        "246.782",
        "91.537",
        "77.721"
    ],
    [
        "208.462",
        "344.932",
        "243.151",
        "0",
        "107.901",
        "198.262",
        "258.247"
    ],
    [
        "257.693",
        "262.87",
        "246.782",
        "107.901",
        "0",
        "261.132",
        "153.758"
    ],
    [
        "87.858",
        "111.499",
        "91.537",
        "198.262",
        "261.132",
        "0",
        "82.44"
    ],
    [
        "80.845",
        "96.444",
        "77.721",
        "258.247",
        "153.758",
        "82.44",
        "0"
    ]
]