[
    [
        "0",
        "34.758",
        "10.447",
        "171.151",
        "277.86",
        "87.849",
        "80.872"
    ],
    [
        "34.758",
        "0",
        "19.127",
        "353.591",
        "262.504",
        "111.393",
        "96.466"
    ],
    [
        "10.447",
        "19.127",
        "0",
        "274.706",
        "247.737",
        "92.446",
        "77.746"
    ],
    [
        "171.151",
        "353.591",
        "274.706",
        "0",
        "123.924",
        "197.074",
        "212.245"
    ],
    [
        "277.86",
        "262.504",
        "247.737",
        "123.924",
        "0",
        "160.22",
        "166.928"
    ],
    [
        "87.849",
        "111.393",
        "92.446",
        "197.074",
        "160.22",
        "0",
        "79.091"
    ],
    [
        "80.872",
        "96.466",
        "77.746",
        "212.245",
        "166.928",
        "79.091",
        "0"
    ]
]