[
    [
        "0",
        "34.571",
        "10.544",
        "199.735",
        "278.321",
        "87.8",
        "80.75"
    ],
    [
        "34.571",
        "0",
        "18.955",
        "259.823",
        "266.681",
        "112.818",
        "96.439"
    ],
    [
        "10.544",
        "18.955",
        "0",
        "360.153",
        "247.519",
        "91.828",
        "77.528"
    ],
    [
        "199.735",
        "259.823",
        "360.153",
        "0",
        "206.647",
        "186.047",
        "201.596"
    ],
    [
        "278.321",
        "266.681",
        "247.519",
        "206.647",
        "0",
        "160.184",
        "161.537"
    ],
    [
        "87.8",
        "112.818",
        "91.828",
        "186.047",
        "160.184",
        "0",
        "76.345"
    ],
    [
        "80.75",
        "96.439",
        "77.528",
        "201.596",
        "161.537",
        "76.345",
        "0"
    ]
]