[
    [
        "0",
        "34.821",
        "10.508",
        "198.683",
        "277.686",
        "87.869",
        "80.798"
    ],
    [
        "34.821",
        "0",
        "19.052",
        "247.917",
        "284.783",
        "111.4",
        "96.472"
    ],
    [
        "10.508",
        "19.052",
        "0",
        "262.483",
        "248.253",
        "91.579",
        "77.795"
    ],
    [
        "198.683",
        "247.917",
        "262.483",
        "0",
        "112.196",
        "190.925",
        "240.474"
    ],
    [
        "277.686",
        "284.783",
        "248.253",
        "112.196",
        "0",
        "462.289",
        "163.873"
    ],
    [
        "87.869",
        "111.4",
        "91.579",
        "190.925",
        "462.289",
        "0",
        "79.336"
    ],
    [
        "80.798",
        "96.472",
        "77.795",
        "240.474",
        "163.873",
        "79.336",
        "0"
    ]
]