[
    [
        "0",
        "35.123",
        "16.768",
        "220.441",
        "262.945",
        "87.874",
        "84.234"
    ],
    [
        "35.123",
        "0",
        "19.298",
        "220.994",
        "270.074",
        "112.825",
        "96.936"
    ],
    [
        "16.768",
        "19.298",
        "0",
        "242.07",
        "246.705",
        "91.582",
        "77.555"
    ],
    [
        "220.441",
        "220.994",
        "242.07",
        "0",
        "105.82",
        "183.662",
        "216.356"
    ],
    [
        "262.945",
        "270.074",
        "246.705",
        "105.82",
        "0",
        "160.811",
        "153.762"
    ],
    [
        "87.874",
        "112.825",
        "91.582",
        "183.662",
        "160.811",
        "0",
        "74.971"
    ],
    [
        "84.234",
        "96.936",
        "77.555",
        "216.356",
        "153.762",
        "74.971",
        "0"
    ]
]