[
    [
        "0",
        "34.666",
        "10.44",
        "201.642",
        "266.896",
        "87.819",
        "80.889"
    ],
    [
        "34.666",
        "0",
        "19.255",
        "307.515",
        "267.181",
        "111.412",
        "96.446"
    ],
    [
        "10.44",
        "19.255",
        "0",
        "249.917",
        "259.448",
        "91.405",
        "77.788"
    ],
    [
        "201.642",
        "307.515",
        "249.917",
        "0",
        "108.431",
        "193.144",
        "245.323"
    ],
    [
        "266.896",
        "267.181",
        "259.448",
        "108.431",
        "0",
        "160.836",
        "153.767"
    ],
    [
        "87.819",
        "111.412",
        "91.405",
        "193.144",
        "160.836",
        "0",
        "79.399"
    ],
    [
        "80.889",
        "96.446",
        "77.788",
        "245.323",
        "153.767",
        "79.399",
        "0"
    ]
]