[
    [
        "0",
        "34.735",
        "10.442",
        "203.213",
        "261.972",
        "87.855",
        "80.8"
    ],
    [
        "34.735",
        "0",
        "19.105",
        "287.672",
        "267.282",
        "111.385",
        "96.44"
    ],
    [
        "10.442",
        "19.105",
        "0",
        "244.787",
        "277.023",
        "91.507",
        "77.691"
    ],
    [
        "203.213",
        "287.672",
        "244.787",
        "0",
        "107.072",
        "198.094",
        "251.939"
    ],
    [
        "261.972",
        "267.282",
        "277.023",
        "107.072",
        "0",
        "215.738",
        "153.823"
    ],
    [
        "87.855",
        "111.385",
        "91.507",
        "198.094",
        "215.738",
        "0",
        "77.413"
    ],
    [
        "80.8",
        "96.44",
        "77.691",
        "251.939",
        "153.823",
        "77.413",
        "0"
    ]
]