[
    [
        "0",
        "34.659",
        "10.514",
        "204.957",
        "267.176",
        "87.762",
        "80.799"
    ],
    [
        "34.659",
        "0",
        "19.027",
        "255.242",
        "267.094",
        "111.437",
        "96.472"
    ],
    [
        "10.514",
        "19.027",
        "0",
        "280.349",
        "246.893",
        "91.606",
        "77.599"
    ],
    [
        "204.957",
        "255.242",
        "280.349",
        "0",
        "106.983",
        "195.452",
        "254.107"
    ],
    [
        "267.176",
        "267.094",
        "246.893",
        "106.983",
        "0",
        "160.907",
        "153.847"
    ],
    [
        "87.762",
        "111.437",
        "91.606",
        "195.452",
        "160.907",
        "0",
        "79.499"
    ],
    [
        "80.799",
        "96.472",
        "77.599",
        "254.107",
        "153.847",
        "79.499",
        "0"
    ]
]