[
    [
        "0",
        "34.649",
        "10.536",
        "202.426",
        "268.292",
        "87.79",
        "80.805"
    ],
    [
        "34.649",
        "0",
        "19.041",
        "243.153",
        "266.702",
        "112.759",
        "96.444"
    ],
    [
        "10.536",
        "19.041",
        "0",
        "241.973",
        "247.985",
        "91.66",
        "77.567"
    ],
    [
        "202.426",
        "243.153",
        "241.973",
        "0",
        "241.294",
        "194.037",
        "240.587"
    ],
    [
        "268.292",
        "266.702",
        "247.985",
        "241.294",
        "0",
        "160.83",
        "192.743"
    ],
    [
        "87.79",
        "112.759",
        "91.66",
        "194.037",
        "160.83",
        "0",
        "76.468"
    ],
    [
        "80.805",
        "96.444",
        "77.567",
        "240.587",
        "192.743",
        "76.468",
        "0"
    ]
]