[
    [
        "0",
        "34.702",
        "10.416",
        "200.939",
        "262.845",
        "87.727",
        "84.271"
    ],
    [
        "34.702",
        "0",
        "19.136",
        "282.002",
        "270.503",
        "111.469",
        "96.39"
    ],
    [
        "10.416",
        "19.136",
        "0",
        "265.716",
        "247.203",
        "91.507",
        "77.575"
    ],
    [
        "200.939",
        "282.002",
        "265.716",
        "0",
        "114.718",
        "191.209",
        "250.848"
    ],
    [
        "262.845",
        "270.503",
        "247.203",
        "114.718",
        "0",
        "160.841",
        "153.763"
    ],
    [
        "87.727",
        "111.469",
        "91.507",
        "191.209",
        "160.841",
        "0",
        "74.979"
    ],
    [
        "84.271",
        "96.39",
        "77.575",
        "250.848",
        "153.763",
        "74.979",
        "0"
    ]
]