[
    [
        "0",
        "36.185",
        "10.588",
        "198.229",
        "262.984",
        "87.818",
        "80.798"
    ],
    [
        "36.185",
        "0",
        "19.275",
        "220.457",
        "270.53",
        "111.959",
        "97.079"
    ],
    [
        "10.588",
        "19.275",
        "0",
        "241.756",
        "246.657",
        "91.489",
        "77.598"
    ],
    [
        "198.229",
        "220.457",
        "241.756",
        "0",
        "106.099",
        "184.918",
        "254.01"
    ],
    [
        "262.984",
        "270.53",
        "246.657",
        "106.099",
        "0",
        "160.855",
        "153.706"
    ],
    [
        "87.818",
        "111.959",
        "91.489",
        "184.918",
        "160.855",
        "0",
        "79.176"
    ],
    [
        "80.798",
        "97.079",
        "77.598",
        "254.01",
        "153.706",
        "79.176",
        "0"
    ]
]