[
    [
        "0",
        "34.599",
        "10.502",
        "198.734",
        "267.187",
        "87.863",
        "80.833"
    ],
    [
        "34.599",
        "0",
        "19.083",
        "261.345",
        "267.506",
        "111.409",
        "96.462"
    ],
    [
        "10.502",
        "19.083",
        "0",
        "242.762",
        "248.739",
        "91.445",
        "77.657"
    ],
    [
        "198.734",
        "261.345",
        "242.762",
        "0",
        "111.061",
        "185.392",
        "252.711"
    ],
    [
        "267.187",
        "267.506",
        "248.739",
        "111.061",
        "0",
        "160.904",
        "153.919"
    ],
    [
        "87.863",
        "111.409",
        "91.445",
        "185.392",
        "160.904",
        "0",
        "79.266"
    ],
    [
        "80.833",
        "96.462",
        "77.657",
        "252.711",
        "153.919",
        "79.266",
        "0"
    ]
]