[
    [
        "0",
        "34.696",
        "10.412",
        "208.749",
        "261.857",
        "99.063",
        "80.778"
    ],
    [
        "34.696",
        "0",
        "19.145",
        "271.151",
        "267.277",
        "111.458",
        "96.459"
    ],
    [
        "10.412",
        "19.145",
        "0",
        "280.795",
        "248.699",
        "91.432",
        "77.743"
    ],
    [
        "208.749",
        "271.151",
        "280.795",
        "0",
        "107.4",
        "194.467",
        "232.596"
    ],
    [
        "261.857",
        "267.277",
        "248.699",
        "107.4",
        "0",
        "161.071",
        "151.369"
    ],
    [
        "99.063",
        "111.458",
        "91.432",
        "194.467",
        "161.071",
        "0",
        "78.624"
    ],
    [
        "80.778",
        "96.459",
        "77.743",
        "232.596",
        "151.369",
        "78.624",
        "0"
    ]
]