[
    [
        "0",
        "34.894",
        "14.732",
        "197.945",
        "277.939",
        "87.823",
        "80.85"
    ],
    [
        "34.894",
        "0",
        "19.078",
        "222.929",
        "267.267",
        "135.054",
        "126.689"
    ],
    [
        "14.732",
        "19.078",
        "0",
        "253.581",
        "247.754",
        "91.657",
        "77.706"
    ],
    [
        "197.945",
        "222.929",
        "253.581",
        "0",
        "107.826",
        "183.878",
        "214.275"
    ],
    [
        "277.939",
        "267.267",
        "247.754",
        "107.826",
        "0",
        "160.161",
        "161.501"
    ],
    [
        "87.823",
        "135.054",
        "91.657",
        "183.878",
        "160.161",
        "0",
        "78.048"
    ],
    [
        "80.85",
        "126.689",
        "77.706",
        "214.275",
        "161.501",
        "78.048",
        "0"
    ]
]