[
    [
        "0",
        "34.727",
        "10.951",
        "200.769",
        "266.896",
        "87.819",
        "80.965"
    ],
    [
        "34.727",
        "0",
        "19.045",
        "269.668",
        "272.643",
        "111.391",
        "96.435"
    ],
    [
        "10.951",
        "19.045",
        "0",
        "244.107",
        "246.729",
        "91.683",
        "77.568"
    ],
    [
        "200.769",
        "269.668",
        "244.107",
        "0",
        "106.618",
        "189.346",
        "247.55"
    ],
    [
        "266.896",
        "272.643",
        "246.729",
        "106.618",
        "0",
        "160.885",
        "153.794"
    ],
    [
        "87.819",
        "111.391",
        "91.683",
        "189.346",
        "160.885",
        "0",
        "79.712"
    ],
    [
        "80.965",
        "96.435",
        "77.568",
        "247.55",
        "153.794",
        "79.712",
        "0"
    ]
]