[
    [
        "0",
        "34.818",
        "10.605",
        "199.703",
        "263.022",
        "87.816",
        "80.877"
    ],
    [
        "34.818",
        "0",
        "19.112",
        "227.945",
        "270.525",
        "111.413",
        "96.44"
    ],
    [
        "10.605",
        "19.112",
        "0",
        "241.816",
        "246.977",
        "91.48",
        "77.604"
    ],
    [
        "199.703",
        "227.945",
        "241.816",
        "0",
        "106.195",
        "184.936",
        "249.784"
    ],
    [
        "263.022",
        "270.525",
        "246.977",
        "106.195",
        "0",
        "166.151",
        "153.758"
    ],
    [
        "87.816",
        "111.413",
        "91.48",
        "184.936",
        "166.151",
        "0",
        "76.453"
    ],
    [
        "80.877",
        "96.44",
        "77.604",
        "249.784",
        "153.758",
        "76.453",
        "0"
    ]
]