[
    [
        "0",
        "34.717",
        "10.462",
        "173.96",
        "262.058",
        "87.841",
        "80.781"
    ],
    [
        "34.717",
        "0",
        "19.103",
        "289.484",
        "267.502",
        "111.424",
        "96.404"
    ],
    [
        "10.462",
        "19.103",
        "0",
        "241.947",
        "247.129",
        "91.556",
        "77.774"
    ],
    [
        "173.96",
        "289.484",
        "241.947",
        "0",
        "106.188",
        "184.943",
        "249.29"
    ],
    [
        "262.058",
        "267.502",
        "247.129",
        "106.188",
        "0",
        "160.775",
        "153.882"
    ],
    [
        "87.841",
        "111.424",
        "91.556",
        "184.943",
        "160.775",
        "0",
        "74.433"
    ],
    [
        "80.781",
        "96.404",
        "77.774",
        "249.29",
        "153.882",
        "74.433",
        "0"
    ]
]