[
    [
        "0",
        "34.701",
        "10.553",
        "205.929",
        "266.8",
        "87.849",
        "80.817"
    ],
    [
        "34.701",
        "0",
        "19.355",
        "298.367",
        "270.389",
        "111.397",
        "96.441"
    ],
    [
        "10.553",
        "19.355",
        "0",
        "273.419",
        "261.078",
        "91.49",
        "77.524"
    ],
    [
        "205.929",
        "298.367",
        "273.419",
        "0",
        "114.671",
        "192.989",
        "245.819"
    ],
    [
        "266.8",
        "270.389",
        "261.078",
        "114.671",
        "0",
        "161.017",
        "153.978"
    ],
    [
        "87.849",
        "111.397",
        "91.49",
        "192.989",
        "161.017",
        "0",
        "79.736"
    ],
    [
        "80.817",
        "96.441",
        "77.524",
        "245.819",
        "153.978",
        "79.736",
        "0"
    ]
]