[
    [
        "0",
        "34.701",
        "10.513",
        "204.661",
        "241.14",
        "87.88",
        "80.838"
    ],
    [
        "34.701",
        "0",
        "19.293",
        "302.738",
        "269.654",
        "111.414",
        "96.374"
    ],
    [
        "10.513",
        "19.293",
        "0",
        "243.913",
        "246.918",
        "91.547",
        "77.55"
    ],
    [
        "204.661",
        "302.738",
        "243.913",
        "0",
        "119.826",
        "194.68",
        "255.018"
    ],
    [
        "241.14",
        "269.654",
        "246.918",
        "119.826",
        "0",
        "160.839",
        "153.782"
    ],
    [
        "87.88",
        "111.414",
        "91.547",
        "194.68",
        "160.839",
        "0",
        "80.213"
    ],
    [
        "80.838",
        "96.374",
        "77.55",
        "255.018",
        "153.782",
        "80.213",
        "0"
    ]
]