[
    [
        "0",
        "34.711",
        "10.707",
        "198.564",
        "267.08",
        "87.775",
        "80.824"
    ],
    [
        "34.711",
        "0",
        "19.064",
        "269.755",
        "266.345",
        "111.452",
        "96.451"
    ],
    [
        "10.707",
        "19.064",
        "0",
        "242.884",
        "248.691",
        "91.6",
        "77.927"
    ],
    [
        "198.564",
        "269.755",
        "242.884",
        "0",
        "106.395",
        "189.017",
        "240.574"
    ],
    [
        "267.08",
        "266.345",
        "248.691",
        "106.395",
        "0",
        "161.008",
        "153.91"
    ],
    [
        "87.775",
        "111.452",
        "91.6",
        "189.017",
        "161.008",
        "0",
        "75.0"
    ],
    [
        "80.824",
        "96.451",
        "77.927",
        "240.574",
        "153.91",
        "75.0",
        "0"
    ]
]