[
    [
        "0",
        "34.649",
        "10.519",
        "202.614",
        "262.113",
        "87.728",
        "80.806"
    ],
    [
        "34.649",
        "0",
        "19.186",
        "246.279",
        "267.578",
        "111.428",
        "96.487"
    ],
    [
        "10.519",
        "19.186",
        "0",
        "275.134",
        "247.159",
        "91.476",
        "77.675"
    ],
    [
        "202.614",
        "246.279",
        "275.134",
        "0",
        "121.878",
        "194.775",
        "359.19"
    ],
    [
        "262.113",
        "267.578",
        "247.159",
        "121.878",
        "0",
        "170.213",
        "153.816"
    ],
    [
        "87.728",
        "111.428",
        "91.476",
        "194.775",
        "170.213",
        "0",
        "78.133"
    ],
    [
        "80.806",
        "96.487",
        "77.675",
        "359.19",
        "153.816",
        "78.133",
        "0"
    ]
]