[
    [
        "0",
        "34.629",
        "10.477",
        "189.704",
        "277.923",
        "87.749",
        "80.694"
    ],
    [
        "34.629",
        "0",
        "19.33",
        "235.85",
        "429.653",
        "111.409",
        "96.439"
    ],
    [
        "10.477",
        "19.33",
        "0",
        "260.313",
        "247.524",
        "91.592",
        "77.627"
    ],
    [
        "189.704",
        "235.85",
        "260.313",
        "0",
        "224.419",
        "201.922",
        "241.137"
    ],
    [
        "277.923",
        "429.653",
        "247.524",
        "224.419",
        "0",
        "154.429",
        "163.508"
    ],
    [
        "87.749",
        "111.409",
        "91.592",
        "201.922",
        "154.429",
        "0",
        "81.306"
    ],
    [
        "80.694",
        "96.439",
        "77.627",
        "241.137",
        "163.508",
        "81.306",
        "0"
    ]
]