[
    [
        "0",
        "35.15",
        "10.528",
        "203.994",
        "262.818",
        "87.739",
        "80.989"
    ],
    [
        "35.15",
        "0",
        "19.225",
        "288.024",
        "272.773",
        "111.371",
        "96.458"
    ],
    [
        "10.528",
        "19.225",
        "0",
        "241.785",
        "246.645",
        "91.461",
        "77.643"
    ],
    [
        "203.994",
        "288.024",
        "241.785",
        "0",
        "106.662",
        "191.5",
        "250.453"
    ],
    [
        "262.818",
        "272.773",
        "246.645",
        "106.662",
        "0",
        "160.848",
        "153.912"
    ],
    [
        "87.739",
        "111.371",
        "91.461",
        "191.5",
        "160.848",
        "0",
        "74.48"
    ],
    [
        "80.989",
        "96.458",
        "77.643",
        "250.453",
        "153.912",
        "74.48",
        "0"
    ]
]