[
    [
        "0",
        "35.048",
        "10.532",
        "197.573",
        "277.808",
        "87.778",
        "84.305"
    ],
    [
        "35.048",
        "0",
        "19.125",
        "219.624",
        "266.673",
        "111.445",
        "96.462"
    ],
    [
        "10.532",
        "19.125",
        "0",
        "261.927",
        "247.315",
        "91.826",
        "77.753"
    ],
    [
        "197.573",
        "219.624",
        "261.927",
        "0",
        "106.046",
        "190.59",
        "232.806"
    ],
    [
        "277.808",
        "266.673",
        "247.315",
        "106.046",
        "0",
        "686.756",
        "164.061"
    ],
    [
        "87.778",
        "111.445",
        "91.826",
        "190.59",
        "686.756",
        "0",
        "77.193"
    ],
    [
        "84.305",
        "96.462",
        "77.753",
        "232.806",
        "164.061",
        "77.193",
        "0"
    ]
]