[
    [
        "0",
        "34.704",
        "10.483",
        "205.064",
        "268.346",
        "87.716",
        "80.758"
    ],
    [
        "34.704",
        "0",
        "19.16",
        "326.685",
        "270.256",
        "112.816",
        "96.422"
    ],
    [
        "10.483",
        "19.16",
        "0",
        "241.869",
        "247.932",
        "91.633",
        "77.592"
    ],
    [
        "205.064",
        "326.685",
        "241.869",
        "0",
        "126.573",
        "194.375",
        "240.57"
    ],
    [
        "268.346",
        "270.256",
        "247.932",
        "126.573",
        "0",
        "160.853",
        "153.86"
    ],
    [
        "87.716",
        "112.816",
        "91.633",
        "194.375",
        "160.853",
        "0",
        "76.377"
    ],
    [
        "80.758",
        "96.422",
        "77.592",
        "240.57",
        "153.86",
        "76.377",
        "0"
    ]
]