[
    [
        "0",
        "34.672",
        "10.408",
        "197.553",
        "277.898",
        "87.769",
        "80.724"
    ],
    [
        "34.672",
        "0",
        "19.127",
        "301.504",
        "264.121",
        "112.803",
        "96.443"
    ],
    [
        "10.408",
        "19.127",
        "0",
        "242.173",
        "249.683",
        "91.48",
        "77.54"
    ],
    [
        "197.553",
        "301.504",
        "242.173",
        "0",
        "106.291",
        "189.981",
        "240.9"
    ],
    [
        "277.898",
        "264.121",
        "249.683",
        "106.291",
        "0",
        "160.862",
        "153.892"
    ],
    [
        "87.769",
        "112.803",
        "91.48",
        "189.981",
        "160.862",
        "0",
        "77.201"
    ],
    [
        "80.724",
        "96.443",
        "77.54",
        "240.9",
        "153.892",
        "77.201",
        "0"
    ]
]