[
    [
        "0",
        "34.533",
        "10.997",
        "201.505",
        "267.016",
        "87.813",
        "80.876"
    ],
    [
        "34.533",
        "0",
        "20.692",
        "214.972",
        "272.606",
        "111.384",
        "100.483"
    ],
    [
        "10.997",
        "20.692",
        "0",
        "245.977",
        "248.681",
        "91.539",
        "77.646"
    ],
    [
        "201.505",
        "214.972",
        "245.977",
        "0",
        "105.963",
        "185.246",
        "229.05"
    ],
    [
        "267.016",
        "272.606",
        "248.681",
        "105.963",
        "0",
        "160.868",
        "153.882"
    ],
    [
        "87.813",
        "111.384",
        "91.539",
        "185.246",
        "160.868",
        "0",
        "75.531"
    ],
    [
        "80.876",
        "100.483",
        "77.646",
        "229.05",
        "153.882",
        "75.531",
        "0"
    ]
]