[
    [
        "0",
        "34.737",
        "10.48",
        "200.797",
        "262.055",
        "99.102",
        "80.869"
    ],
    [
        "34.737",
        "0",
        "19.058",
        "265.354",
        "263.603",
        "111.443",
        "96.419"
    ],
    [
        "10.48",
        "19.058",
        "0",
        "242.685",
        "247.035",
        "91.46",
        "77.598"
    ],
    [
        "200.797",
        "265.354",
        "242.685",
        "0",
        "106.481",
        "199.704",
        "256.142"
    ],
    [
        "262.055",
        "263.603",
        "247.035",
        "106.481",
        "0",
        "160.783",
        "153.72"
    ],
    [
        "99.102",
        "111.443",
        "91.46",
        "199.704",
        "160.783",
        "0",
        "79.312"
    ],
    [
        "80.869",
        "96.419",
        "77.598",
        "256.142",
        "153.72",
        "79.312",
        "0"
    ]
]