[
    [
        "0",
        "34.935",
        "10.554",
        "210.11",
        "263.185",
        "87.787",
        "80.914"
    ],
    [
        "34.935",
        "0",
        "19.038",
        "236.359",
        "270.417",
        "111.447",
        "96.459"
    ],
    [
        "10.554",
        "19.038",
        "0",
        "242.939",
        "247.067",
        "91.575",
        "77.629"
    ],
    [
        "210.11",
        "236.359",
        "242.939",
        "0",
        "117.361",
        "197.329",
        "250.948"
    ],
    [
        "263.185",
        "270.417",
        "247.067",
        "117.361",
        "0",
        "160.85",
        "153.844"
    ],
    [
        "87.787",
        "111.447",
        "91.575",
        "197.329",
        "160.85",
        "0",
        "76.759"
    ],
    [
        "80.914",
        "96.459",
        "77.629",
        "250.948",
        "153.844",
        "76.759",
        "0"
    ]
]