[
    [
        "0",
        "34.881",
        "10.451",
        "210.058",
        "277.835",
        "87.838",
        "80.719"
    ],
    [
        "34.881",
        "0",
        "19.132",
        "239.142",
        "269.57",
        "111.575",
        "96.443"
    ],
    [
        "10.451",
        "19.132",
        "0",
        "275.606",
        "247.72",
        "93.002",
        "77.602"
    ],
    [
        "210.058",
        "239.142",
        "275.606",
        "0",
        "241.126",
        "198.464",
        "245.944"
    ],
    [
        "277.835",
        "269.57",
        "247.72",
        "241.126",
        "0",
        "160.793",
        "161.682"
    ],
    [
        "87.838",
        "111.575",
        "93.002",
        "198.464",
        "160.793",
        "0",
        "80.811"
    ],
    [
        "80.719",
        "96.443",
        "77.602",
        "245.944",
        "161.682",
        "80.811",
        "0"
    ]
]