[
    [
        "0",
        "34.725",
        "10.424",
        "198.68",
        "266.857",
        "87.821",
        "80.872"
    ],
    [
        "34.725",
        "0",
        "18.979",
        "285.049",
        "270.121",
        "111.393",
        "96.417"
    ],
    [
        "10.424",
        "18.979",
        "0",
        "249.992",
        "259.267",
        "91.561",
        "77.644"
    ],
    [
        "198.68",
        "285.049",
        "249.992",
        "0",
        "106.458",
        "185.475",
        "244.552"
    ],
    [
        "266.857",
        "270.121",
        "259.267",
        "106.458",
        "0",
        "160.783",
        "153.788"
    ],
    [
        "87.821",
        "111.393",
        "91.561",
        "185.475",
        "160.783",
        "0",
        "80.187"
    ],
    [
        "80.872",
        "96.417",
        "77.644",
        "244.552",
        "153.788",
        "80.187",
        "0"
    ]
]