[
    [
        "0",
        "34.683",
        "10.523",
        "198.427",
        "266.827",
        "90.606",
        "80.852"
    ],
    [
        "34.683",
        "0",
        "19.091",
        "262.097",
        "266.848",
        "111.467",
        "96.467"
    ],
    [
        "10.523",
        "19.091",
        "0",
        "241.781",
        "248.528",
        "91.521",
        "77.753"
    ],
    [
        "198.427",
        "262.097",
        "241.781",
        "0",
        "106.194",
        "185.11",
        "234.886"
    ],
    [
        "266.827",
        "266.848",
        "248.528",
        "106.194",
        "0",
        "160.825",
        "153.966"
    ],
    [
        "90.606",
        "111.467",
        "91.521",
        "185.11",
        "160.825",
        "0",
        "74.962"
    ],
    [
        "80.852",
        "96.467",
        "77.753",
        "234.886",
        "153.966",
        "74.962",
        "0"
    ]
]