[
    [
        "0",
        "34.737",
        "10.542",
        "203.893",
        "244.842",
        "87.87",
        "84.223"
    ],
    [
        "34.737",
        "0",
        "19.165",
        "273.825",
        "263.365",
        "111.374",
        "97.111"
    ],
    [
        "10.542",
        "19.165",
        "0",
        "242.238",
        "261.35",
        "91.495",
        "78.787"
    ],
    [
        "203.893",
        "273.825",
        "242.238",
        "0",
        "124.954",
        "189.391",
        "240.256"
    ],
    [
        "244.842",
        "263.365",
        "261.35",
        "124.954",
        "0",
        "160.869",
        "153.943"
    ],
    [
        "87.87",
        "111.374",
        "91.495",
        "189.391",
        "160.869",
        "0",
        "74.471"
    ],
    [
        "84.223",
        "97.111",
        "78.787",
        "240.256",
        "153.943",
        "74.471",
        "0"
    ]
]