[
    [
        "0",
        "35.558",
        "12.43",
        "207.196",
        "268.657",
        "90.264",
        "82.934"
    ],
    [
        "35.558",
        "0",
        "19.141",
        "254.484",
        "269.863",
        "111.436",
        "96.469"
    ],
    [
        "12.43",
        "19.141",
        "0",
        "298.42",
        "246.824",
        "91.687",
        "77.723"
    ],
    [
        "207.196",
        "254.484",
        "298.42",
        "0",
        "112.151",
        "204.547",
        "265.571"
    ],
    [
        "268.657",
        "269.863",
        "246.824",
        "112.151",
        "0",
        "160.892",
        "153.801"
    ],
    [
        "90.264",
        "111.436",
        "91.687",
        "204.547",
        "160.892",
        "0",
        "80.683"
    ],
    [
        "82.934",
        "96.469",
        "77.723",
        "265.571",
        "153.801",
        "80.683",
        "0"
    ]
]