[
    [
        "0",
        "34.711",
        "10.493",
        "214.755",
        "262.928",
        "87.862",
        "80.816"
    ],
    [
        "34.711",
        "0",
        "19.193",
        "298.314",
        "269.714",
        "111.441",
        "96.469"
    ],
    [
        "10.493",
        "19.193",
        "0",
        "242.962",
        "246.634",
        "91.818",
        "77.572"
    ],
    [
        "214.755",
        "298.314",
        "242.962",
        "0",
        "112.859",
        "203.812",
        "262.122"
    ],
    [
        "262.928",
        "269.714",
        "246.634",
        "112.859",
        "0",
        "160.808",
        "153.846"
    ],
    [
        "87.862",
        "111.441",
        "91.818",
        "203.812",
        "160.808",
        "0",
        "79.536"
    ],
    [
        "80.816",
        "96.469",
        "77.572",
        "262.122",
        "153.846",
        "79.536",
        "0"
    ]
]