[
    [
        "0",
        "34.785",
        "10.473",
        "200.917",
        "263.157",
        "87.878",
        "80.858"
    ],
    [
        "34.785",
        "0",
        "19.153",
        "283.392",
        "266.666",
        "111.413",
        "96.458"
    ],
    [
        "10.473",
        "19.153",
        "0",
        "241.787",
        "246.764",
        "91.558",
        "77.627"
    ],
    [
        "200.917",
        "283.392",
        "241.787",
        "0",
        "112.873",
        "189.817",
        "245.79"
    ],
    [
        "263.157",
        "266.666",
        "246.764",
        "112.873",
        "0",
        "160.825",
        "153.793"
    ],
    [
        "87.878",
        "111.413",
        "91.558",
        "189.817",
        "160.825",
        "0",
        "75.249"
    ],
    [
        "80.858",
        "96.458",
        "77.627",
        "245.79",
        "153.793",
        "75.249",
        "0"
    ]
]