[
    [
        "0",
        "34.895",
        "10.537",
        "197.628",
        "277.868",
        "87.83",
        "80.853"
    ],
    [
        "34.895",
        "0",
        "19.124",
        "222.681",
        "270.248",
        "111.447",
        "96.478"
    ],
    [
        "10.537",
        "19.124",
        "0",
        "252.008",
        "247.428",
        "91.859",
        "77.727"
    ],
    [
        "197.628",
        "222.681",
        "252.008",
        "0",
        "118.105",
        "185.415",
        "237.53"
    ],
    [
        "277.868",
        "270.248",
        "247.428",
        "118.105",
        "0",
        "161.465",
        "161.438"
    ],
    [
        "87.83",
        "111.447",
        "91.859",
        "185.415",
        "161.465",
        "0",
        "81.32"
    ],
    [
        "80.853",
        "96.478",
        "77.727",
        "237.53",
        "161.438",
        "81.32",
        "0"
    ]
]