[
    [
        "0",
        "34.786",
        "10.386",
        "168.586",
        "277.878",
        "88.084",
        "80.822"
    ],
    [
        "34.786",
        "0",
        "19.219",
        "257.857",
        "271.26",
        "111.567",
        "96.695"
    ],
    [
        "10.386",
        "19.219",
        "0",
        "274.404",
        "247.601",
        "91.478",
        "77.608"
    ],
    [
        "168.586",
        "257.857",
        "274.404",
        "0",
        "130.869",
        "187.481",
        "210.462"
    ],
    [
        "277.878",
        "271.26",
        "247.601",
        "130.869",
        "0",
        "160.324",
        "167.005"
    ],
    [
        "88.084",
        "111.567",
        "91.478",
        "187.481",
        "160.324",
        "0",
        "78.635"
    ],
    [
        "80.822",
        "96.695",
        "77.608",
        "210.462",
        "167.005",
        "78.635",
        "0"
    ]
]