[
    [
        "0",
        "39.117",
        "10.58",
        "196.337",
        "240.06",
        "100.079",
        "84.298"
    ],
    [
        "39.117",
        "0",
        "19.443",
        "220.846",
        "266.564",
        "111.79",
        "96.716"
    ],
    [
        "10.58",
        "19.443",
        "0",
        "241.735",
        "246.63",
        "91.761",
        "77.811"
    ],
    [
        "196.337",
        "220.846",
        "241.735",
        "0",
        "105.385",
        "183.651",
        "198.13"
    ],
    [
        "240.06",
        "266.564",
        "246.63",
        "105.385",
        "0",
        "161.045",
        "150.606"
    ],
    [
        "100.079",
        "111.79",
        "91.761",
        "183.651",
        "161.045",
        "0",
        "77.506"
    ],
    [
        "84.298",
        "96.716",
        "77.811",
        "198.13",
        "150.606",
        "77.506",
        "0"
    ]
]