[
    [
        "0",
        "34.619",
        "10.473",
        "204.278",
        "262.901",
        "89.686",
        "80.898"
    ],
    [
        "34.619",
        "0",
        "19.094",
        "228.439",
        "270.4",
        "111.364",
        "96.429"
    ],
    [
        "10.473",
        "19.094",
        "0",
        "247.404",
        "246.68",
        "91.598",
        "77.772"
    ],
    [
        "204.278",
        "228.439",
        "247.404",
        "0",
        "108.449",
        "198.01",
        "255.445"
    ],
    [
        "262.901",
        "270.4",
        "246.68",
        "108.449",
        "0",
        "160.827",
        "153.742"
    ],
    [
        "89.686",
        "111.364",
        "91.598",
        "198.01",
        "160.827",
        "0",
        "79.862"
    ],
    [
        "80.898",
        "96.429",
        "77.772",
        "255.445",
        "153.742",
        "79.862",
        "0"
    ]
]