[
    [
        "0",
        "34.741",
        "10.453",
        "209.682",
        "262.927",
        "87.835",
        "80.928"
    ],
    [
        "34.741",
        "0",
        "19.295",
        "278.144",
        "266.323",
        "111.4",
        "96.429"
    ],
    [
        "10.453",
        "19.295",
        "0",
        "243.008",
        "248.176",
        "91.504",
        "77.541"
    ],
    [
        "209.682",
        "278.144",
        "243.008",
        "0",
        "116.496",
        "192.795",
        "261.869"
    ],
    [
        "262.927",
        "266.323",
        "248.176",
        "116.496",
        "0",
        "160.86",
        "153.772"
    ],
    [
        "87.835",
        "111.4",
        "91.504",
        "192.795",
        "160.86",
        "0",
        "82.804"
    ],
    [
        "80.928",
        "96.429",
        "77.541",
        "261.869",
        "153.772",
        "82.804",
        "0"
    ]
]