[
    [
        "0",
        "34.795",
        "10.487",
        "172.557",
        "277.813",
        "87.81",
        "80.81"
    ],
    [
        "34.795",
        "0",
        "19.104",
        "253.807",
        "270.908",
        "111.421",
        "96.483"
    ],
    [
        "10.487",
        "19.104",
        "0",
        "275.273",
        "248.003",
        "95.615",
        "77.673"
    ],
    [
        "172.557",
        "253.807",
        "275.273",
        "0",
        "141.583",
        "194.083",
        "209.164"
    ],
    [
        "277.813",
        "270.908",
        "248.003",
        "141.583",
        "0",
        "160.278",
        "199.67"
    ],
    [
        "87.81",
        "111.421",
        "95.615",
        "194.083",
        "160.278",
        "0",
        "79.111"
    ],
    [
        "80.81",
        "96.483",
        "77.673",
        "209.164",
        "199.67",
        "79.111",
        "0"
    ]
]