[
    [
        "0",
        "34.732",
        "10.446",
        "210.59",
        "262.969",
        "87.811",
        "80.866"
    ],
    [
        "34.732",
        "0",
        "19.074",
        "257.685",
        "270.066",
        "114.022",
        "96.463"
    ],
    [
        "10.446",
        "19.074",
        "0",
        "243.154",
        "248.147",
        "91.503",
        "77.6"
    ],
    [
        "210.59",
        "257.685",
        "243.154",
        "0",
        "108.16",
        "196.823",
        "250.141"
    ],
    [
        "262.969",
        "270.066",
        "248.147",
        "108.16",
        "0",
        "160.812",
        "153.743"
    ],
    [
        "87.811",
        "114.022",
        "91.503",
        "196.823",
        "160.812",
        "0",
        "74.95"
    ],
    [
        "80.866",
        "96.463",
        "77.6",
        "250.141",
        "153.743",
        "74.95",
        "0"
    ]
]