[
    [
        "0",
        "34.843",
        "10.519",
        "199.565",
        "277.866",
        "87.816",
        "80.809"
    ],
    [
        "34.843",
        "0",
        "19.177",
        "233.289",
        "273.43",
        "112.49",
        "96.456"
    ],
    [
        "10.519",
        "19.177",
        "0",
        "274.656",
        "247.741",
        "91.662",
        "77.609"
    ],
    [
        "199.565",
        "233.289",
        "274.656",
        "0",
        "156.109",
        "195.471",
        "211.042"
    ],
    [
        "277.866",
        "273.43",
        "247.741",
        "156.109",
        "0",
        "160.27",
        "166.957"
    ],
    [
        "87.816",
        "112.49",
        "91.662",
        "195.471",
        "160.27",
        "0",
        "79.149"
    ],
    [
        "80.809",
        "96.456",
        "77.609",
        "211.042",
        "166.957",
        "79.149",
        "0"
    ]
]