[
    [
        "0",
        "34.879",
        "10.736",
        "198.65",
        "277.826",
        "87.759",
        "80.851"
    ],
    [
        "34.879",
        "0",
        "19.103",
        "266.791",
        "265.509",
        "111.495",
        "96.458"
    ],
    [
        "10.736",
        "19.103",
        "0",
        "274.262",
        "247.778",
        "91.637",
        "77.653"
    ],
    [
        "198.65",
        "266.791",
        "274.262",
        "0",
        "177.818",
        "194.104",
        "210.954"
    ],
    [
        "277.826",
        "265.509",
        "247.778",
        "177.818",
        "0",
        "160.635",
        "166.983"
    ],
    [
        "87.759",
        "111.495",
        "91.637",
        "194.104",
        "160.635",
        "0",
        "80.379"
    ],
    [
        "80.851",
        "96.458",
        "77.653",
        "210.954",
        "166.983",
        "80.379",
        "0"
    ]
]