[
    [
        "0",
        "34.897",
        "10.482",
        "205.929",
        "277.918",
        "90.23",
        "80.784"
    ],
    [
        "34.897",
        "0",
        "19.102",
        "335.145",
        "271.465",
        "111.485",
        "96.506"
    ],
    [
        "10.482",
        "19.102",
        "0",
        "261.077",
        "247.669",
        "91.58",
        "77.626"
    ],
    [
        "205.929",
        "335.145",
        "261.077",
        "0",
        "157.514",
        "256.008",
        "269.582"
    ],
    [
        "277.918",
        "271.465",
        "247.669",
        "157.514",
        "0",
        "166.159",
        "161.381"
    ],
    [
        "90.23",
        "111.485",
        "91.58",
        "256.008",
        "166.159",
        "0",
        "79.181"
    ],
    [
        "80.784",
        "96.506",
        "77.626",
        "269.582",
        "161.381",
        "79.181",
        "0"
    ]
]