[
    [
        "0",
        "35.299",
        "16.471",
        "212.205",
        "262.905",
        "87.856",
        "80.81"
    ],
    [
        "35.299",
        "0",
        "19.04",
        "224.698",
        "270.408",
        "111.53",
        "97.646"
    ],
    [
        "16.471",
        "19.04",
        "0",
        "241.91",
        "247.169",
        "91.775",
        "77.733"
    ],
    [
        "212.205",
        "224.698",
        "241.91",
        "0",
        "106.031",
        "183.662",
        "216.349"
    ],
    [
        "262.905",
        "270.408",
        "247.169",
        "106.031",
        "0",
        "160.804",
        "153.695"
    ],
    [
        "87.856",
        "111.53",
        "91.775",
        "183.662",
        "160.804",
        "0",
        "74.944"
    ],
    [
        "80.81",
        "97.646",
        "77.733",
        "216.349",
        "153.695",
        "74.944",
        "0"
    ]
]