[
    [
        "0",
        "34.902",
        "10.417",
        "197.629",
        "277.808",
        "87.722",
        "80.844"
    ],
    [
        "34.902",
        "0",
        "19.197",
        "215.285",
        "266.667",
        "111.464",
        "96.43"
    ],
    [
        "10.417",
        "19.197",
        "0",
        "265.433",
        "247.349",
        "91.803",
        "77.556"
    ],
    [
        "197.629",
        "215.285",
        "265.433",
        "0",
        "106.449",
        "185.544",
        "238.338"
    ],
    [
        "277.808",
        "266.667",
        "247.349",
        "106.449",
        "0",
        "160.244",
        "161.398"
    ],
    [
        "87.722",
        "111.464",
        "91.803",
        "185.544",
        "160.244",
        "0",
        "77.654"
    ],
    [
        "80.844",
        "96.43",
        "77.556",
        "238.338",
        "161.398",
        "77.654",
        "0"
    ]
]