[
    [
        "0",
        "35.019",
        "10.567",
        "200.792",
        "268.216",
        "87.765",
        "81.381"
    ],
    [
        "35.019",
        "0",
        "19.083",
        "256.992",
        "263.737",
        "112.755",
        "96.464"
    ],
    [
        "10.567",
        "19.083",
        "0",
        "241.775",
        "249.058",
        "91.454",
        "77.59"
    ],
    [
        "200.792",
        "256.992",
        "241.775",
        "0",
        "199.786",
        "191.65",
        "240.616"
    ],
    [
        "268.216",
        "263.737",
        "249.058",
        "199.786",
        "0",
        "160.877",
        "153.867"
    ],
    [
        "87.765",
        "112.755",
        "91.454",
        "191.65",
        "160.877",
        "0",
        "77.134"
    ],
    [
        "81.381",
        "96.464",
        "77.59",
        "240.616",
        "153.867",
        "77.134",
        "0"
    ]
]