[
    [
        "0",
        "34.707",
        "10.466",
        "199.847",
        "261.906",
        "99.096",
        "84.273"
    ],
    [
        "34.707",
        "0",
        "19.034",
        "233.631",
        "266.672",
        "111.467",
        "96.448"
    ],
    [
        "10.466",
        "19.034",
        "0",
        "250.466",
        "248.744",
        "91.502",
        "77.849"
    ],
    [
        "199.847",
        "233.631",
        "250.466",
        "0",
        "110.564",
        "194.773",
        "232.578"
    ],
    [
        "261.906",
        "266.672",
        "248.744",
        "110.564",
        "0",
        "161.098",
        "143.038"
    ],
    [
        "99.096",
        "111.467",
        "91.502",
        "194.773",
        "161.098",
        "0",
        "77.767"
    ],
    [
        "84.273",
        "96.448",
        "77.849",
        "232.578",
        "143.038",
        "77.767",
        "0"
    ]
]