[
    [
        "0",
        "34.772",
        "10.479",
        "208.946",
        "261.938",
        "87.796",
        "80.722"
    ],
    [
        "34.772",
        "0",
        "19.154",
        "316.991",
        "270.032",
        "111.46",
        "96.451"
    ],
    [
        "10.479",
        "19.154",
        "0",
        "265.989",
        "246.635",
        "91.513",
        "77.682"
    ],
    [
        "208.946",
        "316.991",
        "265.989",
        "0",
        "107.093",
        "190.723",
        "253.595"
    ],
    [
        "261.938",
        "270.032",
        "246.635",
        "107.093",
        "0",
        "206.044",
        "153.78"
    ],
    [
        "87.796",
        "111.46",
        "91.513",
        "190.723",
        "206.044",
        "0",
        "79.485"
    ],
    [
        "80.722",
        "96.451",
        "77.682",
        "253.595",
        "153.78",
        "79.485",
        "0"
    ]
]