[
    [
        "0",
        "34.628",
        "10.415",
        "205.336",
        "277.868",
        "87.767",
        "80.787"
    ],
    [
        "34.628",
        "0",
        "19.093",
        "231.601",
        "267.455",
        "111.407",
        "96.478"
    ],
    [
        "10.415",
        "19.093",
        "0",
        "297.648",
        "247.368",
        "91.65",
        "77.562"
    ],
    [
        "205.336",
        "231.601",
        "297.648",
        "0",
        "221.567",
        "194.147",
        "241.275"
    ],
    [
        "277.868",
        "267.455",
        "247.368",
        "221.567",
        "0",
        "467.788",
        "161.624"
    ],
    [
        "87.767",
        "111.407",
        "91.65",
        "194.147",
        "467.788",
        "0",
        "80.091"
    ],
    [
        "80.787",
        "96.478",
        "77.562",
        "241.275",
        "161.624",
        "80.091",
        "0"
    ]
]