[
    [
        "0",
        "34.73",
        "10.474",
        "205.178",
        "266.933",
        "87.807",
        "80.839"
    ],
    [
        "34.73",
        "0",
        "19.217",
        "286.914",
        "273.118",
        "111.533",
        "96.474"
    ],
    [
        "10.474",
        "19.217",
        "0",
        "242.758",
        "259.922",
        "92.402",
        "78.42"
    ],
    [
        "205.178",
        "286.914",
        "242.758",
        "0",
        "110.233",
        "190.439",
        "250.391"
    ],
    [
        "266.933",
        "273.118",
        "259.922",
        "110.233",
        "0",
        "160.814",
        "153.963"
    ],
    [
        "87.807",
        "111.533",
        "92.402",
        "190.439",
        "160.814",
        "0",
        "79.582"
    ],
    [
        "80.839",
        "96.474",
        "78.42",
        "250.391",
        "153.963",
        "79.582",
        "0"
    ]
]