[
    [
        "0",
        "34.61",
        "10.534",
        "203.444",
        "277.841",
        "87.753",
        "80.71"
    ],
    [
        "34.61",
        "0",
        "19.021",
        "276.844",
        "258.664",
        "111.41",
        "96.471"
    ],
    [
        "10.534",
        "19.021",
        "0",
        "288.184",
        "247.377",
        "91.726",
        "77.59"
    ],
    [
        "203.444",
        "276.844",
        "288.184",
        "0",
        "124.732",
        "193.993",
        "241.013"
    ],
    [
        "277.841",
        "258.664",
        "247.377",
        "124.732",
        "0",
        "476.72",
        "161.68"
    ],
    [
        "87.753",
        "111.41",
        "91.726",
        "193.993",
        "476.72",
        "0",
        "79.71"
    ],
    [
        "80.71",
        "96.471",
        "77.59",
        "241.013",
        "161.68",
        "79.71",
        "0"
    ]
]