[
    [
        "0",
        "34.669",
        "10.601",
        "203.979",
        "262.965",
        "87.774",
        "80.939"
    ],
    [
        "34.669",
        "0",
        "18.99",
        "265.732",
        "261.318",
        "111.887",
        "96.45"
    ],
    [
        "10.601",
        "18.99",
        "0",
        "246.975",
        "239.051",
        "91.511",
        "77.665"
    ],
    [
        "203.979",
        "265.732",
        "246.975",
        "0",
        "106.497",
        "212.194",
        "243.45"
    ],
    [
        "262.965",
        "261.318",
        "239.051",
        "106.497",
        "0",
        "160.814",
        "146.072"
    ],
    [
        "87.774",
        "111.887",
        "91.511",
        "212.194",
        "160.814",
        "0",
        "79.591"
    ],
    [
        "80.939",
        "96.45",
        "77.665",
        "243.45",
        "146.072",
        "79.591",
        "0"
    ]
]