[
    [
        "0",
        "37.084",
        "16.008",
        "210.387",
        "268.27",
        "93.677",
        "86.056"
    ],
    [
        "37.084",
        "0",
        "19.118",
        "228.273",
        "270.308",
        "111.41",
        "96.446"
    ],
    [
        "16.008",
        "19.118",
        "0",
        "261.866",
        "247.115",
        "91.653",
        "77.556"
    ],
    [
        "210.387",
        "228.273",
        "261.866",
        "0",
        "119.073",
        "190.324",
        "254.251"
    ],
    [
        "268.27",
        "270.308",
        "247.115",
        "119.073",
        "0",
        "160.834",
        "153.774"
    ],
    [
        "93.677",
        "111.41",
        "91.653",
        "190.324",
        "160.834",
        "0",
        "79.22"
    ],
    [
        "86.056",
        "96.446",
        "77.556",
        "254.251",
        "153.774",
        "79.22",
        "0"
    ]
]