[
    [
        "0",
        "34.707",
        "10.446",
        "169.807",
        "255.859",
        "87.776",
        "80.84"
    ],
    [
        "34.707",
        "0",
        "19.102",
        "309.24",
        "270.138",
        "111.433",
        "96.45"
    ],
    [
        "10.446",
        "19.102",
        "0",
        "243.76",
        "259.237",
        "91.521",
        "77.566"
    ],
    [
        "169.807",
        "309.24",
        "243.76",
        "0",
        "106.447",
        "199.474",
        "253.326"
    ],
    [
        "255.859",
        "270.138",
        "259.237",
        "106.447",
        "0",
        "160.969",
        "154.023"
    ],
    [
        "87.776",
        "111.433",
        "91.521",
        "199.474",
        "160.969",
        "0",
        "79.375"
    ],
    [
        "80.84",
        "96.45",
        "77.566",
        "253.326",
        "154.023",
        "79.375",
        "0"
    ]
]