[
    [
        "0",
        "40.783",
        "24.394",
        "215.59",
        "268.737",
        "95.408",
        "84.998"
    ],
    [
        "40.783",
        "0",
        "19.072",
        "221.051",
        "267.163",
        "111.437",
        "97.083"
    ],
    [
        "24.394",
        "19.072",
        "0",
        "241.939",
        "246.793",
        "91.466",
        "77.656"
    ],
    [
        "215.59",
        "221.051",
        "241.939",
        "0",
        "106.111",
        "184.92",
        "254.583"
    ],
    [
        "268.737",
        "267.163",
        "246.793",
        "106.111",
        "0",
        "160.81",
        "153.77"
    ],
    [
        "95.408",
        "111.437",
        "91.466",
        "184.92",
        "160.81",
        "0",
        "79.159"
    ],
    [
        "84.998",
        "97.083",
        "77.656",
        "254.583",
        "153.77",
        "79.159",
        "0"
    ]
]