[
    [
        "0",
        "36.976",
        "16.04",
        "197.548",
        "277.933",
        "87.811",
        "80.728"
    ],
    [
        "36.976",
        "0",
        "19.148",
        "224.064",
        "267.111",
        "112.811",
        "96.461"
    ],
    [
        "16.04",
        "19.148",
        "0",
        "241.651",
        "249.72",
        "91.832",
        "77.721"
    ],
    [
        "197.548",
        "224.064",
        "241.651",
        "0",
        "168.773",
        "185.067",
        "235.442"
    ],
    [
        "277.933",
        "267.111",
        "249.72",
        "168.773",
        "0",
        "160.845",
        "153.926"
    ],
    [
        "87.811",
        "112.811",
        "91.832",
        "185.067",
        "160.845",
        "0",
        "75.869"
    ],
    [
        "80.728",
        "96.461",
        "77.721",
        "235.442",
        "153.926",
        "75.869",
        "0"
    ]
]