[
    [
        "0",
        "34.679",
        "10.458",
        "210.027",
        "263.799",
        "87.831",
        "80.92"
    ],
    [
        "34.679",
        "0",
        "19.429",
        "326.542",
        "270.112",
        "111.393",
        "96.405"
    ],
    [
        "10.458",
        "19.429",
        "0",
        "242.964",
        "246.65",
        "91.621",
        "77.585"
    ],
    [
        "210.027",
        "326.542",
        "242.964",
        "0",
        "122.542",
        "201.85",
        "250.791"
    ],
    [
        "263.799",
        "270.112",
        "246.65",
        "122.542",
        "0",
        "160.817",
        "153.789"
    ],
    [
        "87.831",
        "111.393",
        "91.621",
        "201.85",
        "160.817",
        "0",
        "75.036"
    ],
    [
        "80.92",
        "96.405",
        "77.585",
        "250.791",
        "153.789",
        "75.036",
        "0"
    ]
]