[
    [
        "0",
        "34.716",
        "10.55",
        "209.115",
        "266.548",
        "87.783",
        "80.876"
    ],
    [
        "34.716",
        "0",
        "19.217",
        "316.79",
        "266.709",
        "111.443",
        "96.387"
    ],
    [
        "10.55",
        "19.217",
        "0",
        "242.317",
        "250.241",
        "91.49",
        "77.665"
    ],
    [
        "209.115",
        "316.79",
        "242.317",
        "0",
        "111.922",
        "191.345",
        "247.687"
    ],
    [
        "266.548",
        "266.709",
        "250.241",
        "111.922",
        "0",
        "160.824",
        "153.824"
    ],
    [
        "87.783",
        "111.443",
        "91.49",
        "191.345",
        "160.824",
        "0",
        "74.962"
    ],
    [
        "80.876",
        "96.387",
        "77.665",
        "247.687",
        "153.824",
        "74.962",
        "0"
    ]
]