[
    [
        "0",
        "35.147",
        "12.617",
        "210.493",
        "262.917",
        "87.828",
        "80.913"
    ],
    [
        "35.147",
        "0",
        "19.089",
        "221.453",
        "269.881",
        "111.54",
        "96.775"
    ],
    [
        "12.617",
        "19.089",
        "0",
        "241.808",
        "247.037",
        "91.648",
        "77.594"
    ],
    [
        "210.493",
        "221.453",
        "241.808",
        "0",
        "108.675",
        "183.684",
        "217.796"
    ],
    [
        "262.917",
        "269.881",
        "247.037",
        "108.675",
        "0",
        "160.79",
        "153.878"
    ],
    [
        "87.828",
        "111.54",
        "91.648",
        "183.684",
        "160.79",
        "0",
        "75.012"
    ],
    [
        "80.913",
        "96.775",
        "77.594",
        "217.796",
        "153.878",
        "75.012",
        "0"
    ]
]