[
    [
        "0",
        "34.662",
        "10.489",
        "179.655",
        "245.12",
        "87.908",
        "80.899"
    ],
    [
        "34.662",
        "0",
        "19.089",
        "226.334",
        "268.038",
        "111.488",
        "96.851"
    ],
    [
        "10.489",
        "19.089",
        "0",
        "242.697",
        "261.162",
        "93.618",
        "77.52"
    ],
    [
        "179.655",
        "226.334",
        "242.697",
        "0",
        "129.809",
        "218.022",
        "248.05"
    ],
    [
        "245.12",
        "268.038",
        "261.162",
        "129.809",
        "0",
        "160.975",
        "154.016"
    ],
    [
        "87.908",
        "111.488",
        "93.618",
        "218.022",
        "160.975",
        "0",
        "79.72"
    ],
    [
        "80.899",
        "96.851",
        "77.52",
        "248.05",
        "154.016",
        "79.72",
        "0"
    ]
]