[
    [
        "0",
        "34.65",
        "10.491",
        "204.041",
        "263.024",
        "87.798",
        "80.851"
    ],
    [
        "34.65",
        "0",
        "19.091",
        "286.866",
        "266.841",
        "111.442",
        "96.445"
    ],
    [
        "10.491",
        "19.091",
        "0",
        "241.813",
        "246.879",
        "91.488",
        "77.606"
    ],
    [
        "204.041",
        "286.866",
        "241.813",
        "0",
        "109.65",
        "194.289",
        "254.558"
    ],
    [
        "263.024",
        "266.841",
        "246.879",
        "109.65",
        "0",
        "160.932",
        "153.843"
    ],
    [
        "87.798",
        "111.442",
        "91.488",
        "194.289",
        "160.932",
        "0",
        "80.722"
    ],
    [
        "80.851",
        "96.445",
        "77.606",
        "254.558",
        "153.843",
        "80.722",
        "0"
    ]
]