[
    [
        "0",
        "34.757",
        "10.546",
        "173.432",
        "266.967",
        "87.806",
        "80.831"
    ],
    [
        "34.757",
        "0",
        "20.253",
        "283.536",
        "272.476",
        "111.484",
        "96.5"
    ],
    [
        "10.546",
        "20.253",
        "0",
        "242.858",
        "260.361",
        "91.777",
        "78.713"
    ],
    [
        "173.432",
        "283.536",
        "242.858",
        "0",
        "107.999",
        "197.455",
        "258.119"
    ],
    [
        "266.967",
        "272.476",
        "260.361",
        "107.999",
        "0",
        "160.847",
        "153.936"
    ],
    [
        "87.806",
        "111.484",
        "91.777",
        "197.455",
        "160.847",
        "0",
        "79.337"
    ],
    [
        "80.831",
        "96.5",
        "78.713",
        "258.119",
        "153.936",
        "79.337",
        "0"
    ]
]