[
    [
        "0",
        "34.785",
        "10.481",
        "198.196",
        "262.885",
        "88.944",
        "80.817"
    ],
    [
        "34.785",
        "0",
        "19.148",
        "215.451",
        "270.541",
        "113.448",
        "96.462"
    ],
    [
        "10.481",
        "19.148",
        "0",
        "248.121",
        "246.704",
        "91.502",
        "77.679"
    ],
    [
        "198.196",
        "215.451",
        "248.121",
        "0",
        "106.25",
        "184.987",
        "254.021"
    ],
    [
        "262.885",
        "270.541",
        "246.704",
        "106.25",
        "0",
        "160.805",
        "153.826"
    ],
    [
        "88.944",
        "113.448",
        "91.502",
        "184.987",
        "160.805",
        "0",
        "79.243"
    ],
    [
        "80.817",
        "96.462",
        "77.679",
        "254.021",
        "153.826",
        "79.243",
        "0"
    ]
]