[
    [
        "0",
        "34.741",
        "10.438",
        "208.516",
        "266.913",
        "87.826",
        "80.829"
    ],
    [
        "34.741",
        "0",
        "19.09",
        "317.504",
        "272.629",
        "111.399",
        "96.41"
    ],
    [
        "10.438",
        "19.09",
        "0",
        "242.96",
        "259.256",
        "91.869",
        "77.664"
    ],
    [
        "208.516",
        "317.504",
        "242.96",
        "0",
        "109.483",
        "196.373",
        "274.112"
    ],
    [
        "266.913",
        "272.629",
        "259.256",
        "109.483",
        "0",
        "160.858",
        "153.909"
    ],
    [
        "87.826",
        "111.399",
        "91.869",
        "196.373",
        "160.858",
        "0",
        "87.255"
    ],
    [
        "80.829",
        "96.41",
        "77.664",
        "274.112",
        "153.909",
        "87.255",
        "0"
    ]
]