[
    [
        "0",
        "34.709",
        "10.385",
        "197.993",
        "263.738",
        "87.833",
        "80.938"
    ],
    [
        "34.709",
        "0",
        "19.072",
        "221.941",
        "272.577",
        "111.402",
        "96.431"
    ],
    [
        "10.385",
        "19.072",
        "0",
        "247.119",
        "246.767",
        "91.924",
        "77.545"
    ],
    [
        "197.993",
        "221.941",
        "247.119",
        "0",
        "106.323",
        "204.367",
        "233.482"
    ],
    [
        "263.738",
        "272.577",
        "246.767",
        "106.323",
        "0",
        "160.841",
        "153.949"
    ],
    [
        "87.833",
        "111.402",
        "91.924",
        "204.367",
        "160.841",
        "0",
        "75.192"
    ],
    [
        "80.938",
        "96.431",
        "77.545",
        "233.482",
        "153.949",
        "75.192",
        "0"
    ]
]