[
    [
        "0",
        "34.773",
        "10.446",
        "204.154",
        "262.897",
        "88.808",
        "80.863"
    ],
    [
        "34.773",
        "0",
        "19.124",
        "293.167",
        "267.165",
        "111.513",
        "96.407"
    ],
    [
        "10.446",
        "19.124",
        "0",
        "241.908",
        "246.693",
        "91.462",
        "77.509"
    ],
    [
        "204.154",
        "293.167",
        "241.908",
        "0",
        "131.742",
        "192.453",
        "249.594"
    ],
    [
        "262.897",
        "267.165",
        "246.693",
        "131.742",
        "0",
        "161.219",
        "153.806"
    ],
    [
        "88.808",
        "111.513",
        "91.462",
        "192.453",
        "161.219",
        "0",
        "74.663"
    ],
    [
        "80.863",
        "96.407",
        "77.509",
        "249.594",
        "153.806",
        "74.663",
        "0"
    ]
]