[
    [
        "0",
        "34.681",
        "16.044",
        "196.242",
        "267.524",
        "87.747",
        "84.376"
    ],
    [
        "34.681",
        "0",
        "28.984",
        "224.392",
        "270.052",
        "111.129",
        "96.454"
    ],
    [
        "16.044",
        "28.984",
        "0",
        "241.779",
        "246.732",
        "91.565",
        "77.691"
    ],
    [
        "196.242",
        "224.392",
        "241.779",
        "0",
        "106.122",
        "189.01",
        "249.28"
    ],
    [
        "267.524",
        "270.052",
        "246.732",
        "106.122",
        "0",
        "161.098",
        "153.806"
    ],
    [
        "87.747",
        "111.129",
        "91.565",
        "189.01",
        "161.098",
        "0",
        "74.513"
    ],
    [
        "84.376",
        "96.454",
        "77.691",
        "249.28",
        "153.806",
        "74.513",
        "0"
    ]
]