[
    [
        "0",
        "34.713",
        "10.539",
        "205.726",
        "262.89",
        "87.791",
        "80.83"
    ],
    [
        "34.713",
        "0",
        "19.117",
        "275.967",
        "269.741",
        "111.402",
        "96.498"
    ],
    [
        "10.539",
        "19.117",
        "0",
        "242.029",
        "248.409",
        "91.487",
        "77.907"
    ],
    [
        "205.726",
        "275.967",
        "242.029",
        "0",
        "106.248",
        "185.082",
        "254.103"
    ],
    [
        "262.89",
        "269.741",
        "248.409",
        "106.248",
        "0",
        "160.857",
        "153.742"
    ],
    [
        "87.791",
        "111.402",
        "91.487",
        "185.082",
        "160.857",
        "0",
        "79.227"
    ],
    [
        "80.83",
        "96.498",
        "77.907",
        "254.103",
        "153.742",
        "79.227",
        "0"
    ]
]