[
    [
        "0",
        "35.396",
        "14.926",
        "215.142",
        "262.906",
        "87.811",
        "80.849"
    ],
    [
        "35.396",
        "0",
        "19.084",
        "244.062",
        "273.07",
        "111.42",
        "96.502"
    ],
    [
        "14.926",
        "19.084",
        "0",
        "242.061",
        "246.639",
        "91.441",
        "77.624"
    ],
    [
        "215.142",
        "244.062",
        "242.061",
        "0",
        "108.27",
        "185.674",
        "244.195"
    ],
    [
        "262.906",
        "273.07",
        "246.639",
        "108.27",
        "0",
        "160.771",
        "154.276"
    ],
    [
        "87.811",
        "111.42",
        "91.441",
        "185.674",
        "160.771",
        "0",
        "74.414"
    ],
    [
        "80.849",
        "96.502",
        "77.624",
        "244.195",
        "154.276",
        "74.414",
        "0"
    ]
]