[
    [
        "0",
        "34.739",
        "13.937",
        "205.705",
        "267.346",
        "87.813",
        "80.907"
    ],
    [
        "34.739",
        "0",
        "19.156",
        "272.732",
        "264.365",
        "111.746",
        "96.537"
    ],
    [
        "13.937",
        "19.156",
        "0",
        "286.404",
        "246.707",
        "91.561",
        "78.042"
    ],
    [
        "205.705",
        "272.732",
        "286.404",
        "0",
        "106.851",
        "200.932",
        "254.257"
    ],
    [
        "267.346",
        "264.365",
        "246.707",
        "106.851",
        "0",
        "261.718",
        "153.815"
    ],
    [
        "87.813",
        "111.746",
        "91.561",
        "200.932",
        "261.718",
        "0",
        "79.269"
    ],
    [
        "80.907",
        "96.537",
        "78.042",
        "254.257",
        "153.815",
        "79.269",
        "0"
    ]
]