[
    [
        "0",
        "34.64",
        "10.441",
        "204.157",
        "266.91",
        "89.25",
        "84.27"
    ],
    [
        "34.64",
        "0",
        "19.069",
        "327.069",
        "266.852",
        "111.454",
        "96.555"
    ],
    [
        "10.441",
        "19.069",
        "0",
        "241.912",
        "261.256",
        "91.383",
        "77.582"
    ],
    [
        "204.157",
        "327.069",
        "241.912",
        "0",
        "107.376",
        "197.077",
        "257.291"
    ],
    [
        "266.91",
        "266.852",
        "261.256",
        "107.376",
        "0",
        "160.918",
        "153.965"
    ],
    [
        "89.25",
        "111.454",
        "91.383",
        "197.077",
        "160.918",
        "0",
        "75.006"
    ],
    [
        "84.27",
        "96.555",
        "77.582",
        "257.291",
        "153.965",
        "75.006",
        "0"
    ]
]