[
    [
        "0",
        "36.467",
        "10.455",
        "198.388",
        "254.952",
        "87.845",
        "84.276"
    ],
    [
        "36.467",
        "0",
        "19.277",
        "223.541",
        "268.014",
        "111.629",
        "101.406"
    ],
    [
        "10.455",
        "19.277",
        "0",
        "242.099",
        "261.232",
        "91.504",
        "77.869"
    ],
    [
        "198.388",
        "223.541",
        "242.099",
        "0",
        "105.237",
        "184.927",
        "236.367"
    ],
    [
        "254.952",
        "268.014",
        "261.232",
        "105.237",
        "0",
        "160.824",
        "153.912"
    ],
    [
        "87.845",
        "111.629",
        "91.504",
        "184.927",
        "160.824",
        "0",
        "79.325"
    ],
    [
        "84.276",
        "101.406",
        "77.869",
        "236.367",
        "153.912",
        "79.325",
        "0"
    ]
]