[
    [
        "0",
        "34.725",
        "12.505",
        "206.181",
        "266.88",
        "87.858",
        "80.878"
    ],
    [
        "34.725",
        "0",
        "19.111",
        "222.239",
        "270.085",
        "111.417",
        "96.478"
    ],
    [
        "12.505",
        "19.111",
        "0",
        "219.486",
        "259.124",
        "91.676",
        "77.53"
    ],
    [
        "206.181",
        "222.239",
        "219.486",
        "0",
        "105.97",
        "184.906",
        "254.142"
    ],
    [
        "266.88",
        "270.085",
        "259.124",
        "105.97",
        "0",
        "167.706",
        "153.679"
    ],
    [
        "87.858",
        "111.417",
        "91.676",
        "184.906",
        "167.706",
        "0",
        "80.419"
    ],
    [
        "80.878",
        "96.478",
        "77.53",
        "254.142",
        "153.679",
        "80.419",
        "0"
    ]
]