[
    [
        "0",
        "34.64",
        "10.425",
        "202.725",
        "266.931",
        "87.723",
        "80.817"
    ],
    [
        "34.64",
        "0",
        "19.265",
        "276.201",
        "266.688",
        "111.463",
        "96.447"
    ],
    [
        "10.425",
        "19.265",
        "0",
        "242.972",
        "259.343",
        "91.596",
        "77.644"
    ],
    [
        "202.725",
        "276.201",
        "242.972",
        "0",
        "106.584",
        "185.01",
        "252.081"
    ],
    [
        "266.931",
        "266.688",
        "259.343",
        "106.584",
        "0",
        "160.835",
        "153.769"
    ],
    [
        "87.723",
        "111.463",
        "91.596",
        "185.01",
        "160.835",
        "0",
        "79.709"
    ],
    [
        "80.817",
        "96.447",
        "77.644",
        "252.081",
        "153.769",
        "79.709",
        "0"
    ]
]