[
    [
        "0",
        "34.627",
        "10.47",
        "210.157",
        "262.932",
        "87.799",
        "80.858"
    ],
    [
        "34.627",
        "0",
        "19.084",
        "320.646",
        "266.814",
        "111.332",
        "96.404"
    ],
    [
        "10.47",
        "19.084",
        "0",
        "242.612",
        "246.68",
        "91.579",
        "77.54"
    ],
    [
        "210.157",
        "320.646",
        "242.612",
        "0",
        "107.75",
        "192.413",
        "256.058"
    ],
    [
        "262.932",
        "266.814",
        "246.68",
        "107.75",
        "0",
        "160.86",
        "153.726"
    ],
    [
        "87.799",
        "111.332",
        "91.579",
        "192.413",
        "160.86",
        "0",
        "79.752"
    ],
    [
        "80.858",
        "96.404",
        "77.54",
        "256.058",
        "153.726",
        "79.752",
        "0"
    ]
]