[
    [
        "0",
        "34.776",
        "10.502",
        "205.058",
        "266.894",
        "87.866",
        "80.823"
    ],
    [
        "34.776",
        "0",
        "19.055",
        "295.704",
        "270.397",
        "111.47",
        "96.498"
    ],
    [
        "10.502",
        "19.055",
        "0",
        "242.541",
        "259.217",
        "91.666",
        "77.511"
    ],
    [
        "205.058",
        "295.704",
        "242.541",
        "0",
        "107.612",
        "196.993",
        "252.96"
    ],
    [
        "266.894",
        "270.397",
        "259.217",
        "107.612",
        "0",
        "160.864",
        "153.967"
    ],
    [
        "87.866",
        "111.47",
        "91.666",
        "196.993",
        "160.864",
        "0",
        "79.41"
    ],
    [
        "80.823",
        "96.498",
        "77.511",
        "252.96",
        "153.967",
        "79.41",
        "0"
    ]
]