[
    [
        "0",
        "34.861",
        "10.381",
        "210.296",
        "266.933",
        "87.833",
        "80.833"
    ],
    [
        "34.861",
        "0",
        "19.318",
        "247.711",
        "266.563",
        "111.455",
        "96.447"
    ],
    [
        "10.381",
        "19.318",
        "0",
        "242.9",
        "259.169",
        "91.593",
        "77.599"
    ],
    [
        "210.296",
        "247.711",
        "242.9",
        "0",
        "112.912",
        "201.034",
        "256.08"
    ],
    [
        "266.933",
        "266.563",
        "259.169",
        "112.912",
        "0",
        "160.834",
        "153.965"
    ],
    [
        "87.833",
        "111.455",
        "91.593",
        "201.034",
        "160.834",
        "0",
        "87.041"
    ],
    [
        "80.833",
        "96.447",
        "77.599",
        "256.08",
        "153.965",
        "87.041",
        "0"
    ]
]