[
    [
        "0",
        "34.794",
        "10.486",
        "196.354",
        "261.892",
        "99.101",
        "80.865"
    ],
    [
        "34.794",
        "0",
        "19.16",
        "220.907",
        "266.511",
        "111.428",
        "96.453"
    ],
    [
        "10.486",
        "19.16",
        "0",
        "241.86",
        "246.7",
        "91.558",
        "77.729"
    ],
    [
        "196.354",
        "220.907",
        "241.86",
        "0",
        "106.151",
        "184.938",
        "232.543"
    ],
    [
        "261.892",
        "266.511",
        "246.7",
        "106.151",
        "0",
        "161.776",
        "153.798"
    ],
    [
        "99.101",
        "111.428",
        "91.558",
        "184.938",
        "161.776",
        "0",
        "75.031"
    ],
    [
        "80.865",
        "96.453",
        "77.729",
        "232.543",
        "153.798",
        "75.031",
        "0"
    ]
]