[
    [
        "0",
        "34.674",
        "10.487",
        "200.064",
        "266.881",
        "87.92",
        "84.308"
    ],
    [
        "34.674",
        "0",
        "19.169",
        "240.321",
        "267.114",
        "111.432",
        "96.461"
    ],
    [
        "10.487",
        "19.169",
        "0",
        "245.655",
        "259.164",
        "91.745",
        "77.878"
    ],
    [
        "200.064",
        "240.321",
        "245.655",
        "0",
        "116.017",
        "194.78",
        "270.936"
    ],
    [
        "266.881",
        "267.114",
        "259.164",
        "116.017",
        "0",
        "160.886",
        "153.831"
    ],
    [
        "87.92",
        "111.432",
        "91.745",
        "194.78",
        "160.886",
        "0",
        "79.835"
    ],
    [
        "84.308",
        "96.461",
        "77.878",
        "270.936",
        "153.831",
        "79.835",
        "0"
    ]
]