[
    [
        "0",
        "34.687",
        "10.408",
        "202.439",
        "268.232",
        "87.769",
        "80.703"
    ],
    [
        "34.687",
        "0",
        "19.06",
        "279.885",
        "270.214",
        "113.83",
        "96.484"
    ],
    [
        "10.408",
        "19.06",
        "0",
        "242.123",
        "248.978",
        "91.593",
        "77.55"
    ],
    [
        "202.439",
        "279.885",
        "242.123",
        "0",
        "207.871",
        "185.768",
        "240.031"
    ],
    [
        "268.232",
        "270.214",
        "248.978",
        "207.871",
        "0",
        "160.89",
        "153.886"
    ],
    [
        "87.769",
        "113.83",
        "91.593",
        "185.768",
        "160.89",
        "0",
        "77.565"
    ],
    [
        "80.703",
        "96.484",
        "77.55",
        "240.031",
        "153.886",
        "77.565",
        "0"
    ]
]