[
    [
        "0",
        "34.784",
        "10.451",
        "196.364",
        "261.878",
        "99.094",
        "80.759"
    ],
    [
        "34.784",
        "0",
        "19.084",
        "221.492",
        "267.083",
        "111.49",
        "96.441"
    ],
    [
        "10.451",
        "19.084",
        "0",
        "241.775",
        "246.812",
        "92.053",
        "77.652"
    ],
    [
        "196.364",
        "221.492",
        "241.775",
        "0",
        "106.291",
        "189.92",
        "232.57"
    ],
    [
        "261.878",
        "267.083",
        "246.812",
        "106.291",
        "0",
        "160.992",
        "154.026"
    ],
    [
        "99.094",
        "111.49",
        "92.053",
        "189.92",
        "160.992",
        "0",
        "75.015"
    ],
    [
        "80.759",
        "96.441",
        "77.652",
        "232.57",
        "154.026",
        "75.015",
        "0"
    ]
]