[
    [
        "0",
        "34.716",
        "10.554",
        "196.304",
        "262.097",
        "87.804",
        "81.038"
    ],
    [
        "34.716",
        "0",
        "19.072",
        "220.949",
        "270.658",
        "111.455",
        "96.454"
    ],
    [
        "10.554",
        "19.072",
        "0",
        "251.887",
        "246.66",
        "91.588",
        "77.707"
    ],
    [
        "196.304",
        "220.949",
        "251.887",
        "0",
        "106.236",
        "193.015",
        "249.396"
    ],
    [
        "262.097",
        "270.658",
        "246.66",
        "106.236",
        "0",
        "161.009",
        "153.735"
    ],
    [
        "87.804",
        "111.455",
        "91.588",
        "193.015",
        "161.009",
        "0",
        "75.044"
    ],
    [
        "81.038",
        "96.454",
        "77.707",
        "249.396",
        "153.735",
        "75.044",
        "0"
    ]
]