[
    [
        "0",
        "34.604",
        "10.514",
        "205.241",
        "266.843",
        "87.839",
        "80.798"
    ],
    [
        "34.604",
        "0",
        "19.075",
        "265.718",
        "264.193",
        "111.507",
        "96.462"
    ],
    [
        "10.514",
        "19.075",
        "0",
        "250.325",
        "259.252",
        "91.657",
        "77.564"
    ],
    [
        "205.241",
        "265.718",
        "250.325",
        "0",
        "124.134",
        "193.612",
        "260.028"
    ],
    [
        "266.843",
        "264.193",
        "259.252",
        "124.134",
        "0",
        "161.0",
        "154.136"
    ],
    [
        "87.839",
        "111.507",
        "91.657",
        "193.612",
        "161.0",
        "0",
        "79.622"
    ],
    [
        "80.798",
        "96.462",
        "77.564",
        "260.028",
        "154.136",
        "79.622",
        "0"
    ]
]