[
    [
        "0",
        "34.649",
        "10.577",
        "198.228",
        "266.825",
        "87.755",
        "80.85"
    ],
    [
        "34.649",
        "0",
        "19.019",
        "316.515",
        "267.119",
        "111.444",
        "96.446"
    ],
    [
        "10.577",
        "19.019",
        "0",
        "242.929",
        "259.127",
        "91.565",
        "77.58"
    ],
    [
        "198.228",
        "316.515",
        "242.929",
        "0",
        "106.419",
        "188.119",
        "243.597"
    ],
    [
        "266.825",
        "267.119",
        "259.127",
        "106.419",
        "0",
        "160.818",
        "153.781"
    ],
    [
        "87.755",
        "111.444",
        "91.565",
        "188.119",
        "160.818",
        "0",
        "79.642"
    ],
    [
        "80.85",
        "96.446",
        "77.58",
        "243.597",
        "153.781",
        "79.642",
        "0"
    ]
]