[
    [
        "0",
        "34.863",
        "10.647",
        "197.636",
        "263.81",
        "87.781",
        "80.764"
    ],
    [
        "34.863",
        "0",
        "19.073",
        "226.473",
        "257.575",
        "111.456",
        "96.461"
    ],
    [
        "10.647",
        "19.073",
        "0",
        "279.42",
        "247.679",
        "91.61",
        "77.572"
    ],
    [
        "197.636",
        "226.473",
        "279.42",
        "0",
        "106.296",
        "187.732",
        "243.077"
    ],
    [
        "263.81",
        "257.575",
        "247.679",
        "106.296",
        "0",
        "161.353",
        "161.432"
    ],
    [
        "87.781",
        "111.456",
        "91.61",
        "187.732",
        "161.353",
        "0",
        "77.567"
    ],
    [
        "80.764",
        "96.461",
        "77.572",
        "243.077",
        "161.432",
        "77.567",
        "0"
    ]
]