[
    [
        "0",
        "34.681",
        "10.431",
        "198.211",
        "266.893",
        "87.82",
        "80.874"
    ],
    [
        "34.681",
        "0",
        "19.075",
        "297.739",
        "263.75",
        "111.452",
        "96.424"
    ],
    [
        "10.431",
        "19.075",
        "0",
        "241.79",
        "246.601",
        "91.473",
        "77.566"
    ],
    [
        "198.211",
        "297.739",
        "241.79",
        "0",
        "106.275",
        "188.096",
        "254.037"
    ],
    [
        "266.893",
        "263.75",
        "246.601",
        "106.275",
        "0",
        "160.935",
        "153.83"
    ],
    [
        "87.82",
        "111.452",
        "91.473",
        "188.096",
        "160.935",
        "0",
        "79.274"
    ],
    [
        "80.874",
        "96.424",
        "77.566",
        "254.037",
        "153.83",
        "79.274",
        "0"
    ]
]