[
    [
        "0",
        "35.564",
        "10.385",
        "199.283",
        "262.846",
        "87.832",
        "84.787"
    ],
    [
        "35.564",
        "0",
        "18.997",
        "258.736",
        "270.061",
        "111.426",
        "96.433"
    ],
    [
        "10.385",
        "18.997",
        "0",
        "242.043",
        "246.568",
        "91.613",
        "77.521"
    ],
    [
        "199.283",
        "258.736",
        "242.043",
        "0",
        "106.33",
        "194.114",
        "248.526"
    ],
    [
        "262.846",
        "270.061",
        "246.568",
        "106.33",
        "0",
        "160.844",
        "153.738"
    ],
    [
        "87.832",
        "111.426",
        "91.613",
        "194.114",
        "160.844",
        "0",
        "78.145"
    ],
    [
        "84.787",
        "96.433",
        "77.521",
        "248.526",
        "153.738",
        "78.145",
        "0"
    ]
]