[
    [
        "0",
        "34.846",
        "10.517",
        "207.607",
        "277.814",
        "87.807",
        "80.921"
    ],
    [
        "34.846",
        "0",
        "19.074",
        "232.625",
        "270.289",
        "111.42",
        "96.452"
    ],
    [
        "10.517",
        "19.074",
        "0",
        "279.418",
        "247.71",
        "92.226",
        "77.627"
    ],
    [
        "207.607",
        "232.625",
        "279.418",
        "0",
        "142.931",
        "190.457",
        "240.257"
    ],
    [
        "277.814",
        "270.289",
        "247.71",
        "142.931",
        "0",
        "160.247",
        "161.494"
    ],
    [
        "87.807",
        "111.42",
        "92.226",
        "190.457",
        "160.247",
        "0",
        "76.615"
    ],
    [
        "80.921",
        "96.452",
        "77.627",
        "240.257",
        "161.494",
        "76.615",
        "0"
    ]
]