[
    [
        "0",
        "35.042",
        "10.45",
        "198.212",
        "266.9",
        "87.891",
        "80.912"
    ],
    [
        "35.042",
        "0",
        "21.157",
        "257.227",
        "273.073",
        "111.424",
        "96.432"
    ],
    [
        "10.45",
        "21.157",
        "0",
        "241.829",
        "259.13",
        "91.701",
        "77.585"
    ],
    [
        "198.212",
        "257.227",
        "241.829",
        "0",
        "106.297",
        "184.937",
        "234.988"
    ],
    [
        "266.9",
        "273.073",
        "259.13",
        "106.297",
        "0",
        "160.816",
        "154.086"
    ],
    [
        "87.891",
        "111.424",
        "91.701",
        "184.937",
        "160.816",
        "0",
        "79.596"
    ],
    [
        "80.912",
        "96.432",
        "77.585",
        "234.988",
        "154.086",
        "79.596",
        "0"
    ]
]