[
    [
        "0",
        "34.724",
        "10.723",
        "197.565",
        "277.913",
        "87.83",
        "80.713"
    ],
    [
        "34.724",
        "0",
        "19.084",
        "247.81",
        "272.809",
        "113.304",
        "96.433"
    ],
    [
        "10.723",
        "19.084",
        "0",
        "266.048",
        "260.967",
        "91.51",
        "77.599"
    ],
    [
        "197.565",
        "247.81",
        "266.048",
        "0",
        "183.735",
        "186.413",
        "232.682"
    ],
    [
        "277.913",
        "272.809",
        "260.967",
        "183.735",
        "0",
        "160.26",
        "161.525"
    ],
    [
        "87.83",
        "113.304",
        "91.51",
        "186.413",
        "160.26",
        "0",
        "75.855"
    ],
    [
        "80.713",
        "96.433",
        "77.599",
        "232.682",
        "161.525",
        "75.855",
        "0"
    ]
]