[
    [
        "0",
        "34.74",
        "10.438",
        "203.944",
        "262.889",
        "87.826",
        "84.259"
    ],
    [
        "34.74",
        "0",
        "19.039",
        "311.871",
        "267.264",
        "111.423",
        "96.483"
    ],
    [
        "10.438",
        "19.039",
        "0",
        "248.602",
        "246.686",
        "91.525",
        "77.573"
    ],
    [
        "203.944",
        "311.871",
        "248.602",
        "0",
        "107.391",
        "200.907",
        "262.779"
    ],
    [
        "262.889",
        "267.264",
        "246.686",
        "107.391",
        "0",
        "160.801",
        "153.754"
    ],
    [
        "87.826",
        "111.423",
        "91.525",
        "200.907",
        "160.801",
        "0",
        "74.458"
    ],
    [
        "84.259",
        "96.483",
        "77.573",
        "262.779",
        "153.754",
        "74.458",
        "0"
    ]
]