[
    [
        "0",
        "34.768",
        "10.608",
        "197.62",
        "277.679",
        "87.778",
        "84.231"
    ],
    [
        "34.768",
        "0",
        "19.078",
        "219.622",
        "267.282",
        "111.44",
        "96.431"
    ],
    [
        "10.608",
        "19.078",
        "0",
        "259.793",
        "247.337",
        "91.771",
        "77.578"
    ],
    [
        "197.62",
        "219.622",
        "259.793",
        "0",
        "106.327",
        "184.569",
        "240.611"
    ],
    [
        "277.679",
        "267.282",
        "247.337",
        "106.327",
        "0",
        "724.764",
        "154.498"
    ],
    [
        "87.778",
        "111.44",
        "91.771",
        "184.569",
        "724.764",
        "0",
        "79.228"
    ],
    [
        "84.231",
        "96.431",
        "77.578",
        "240.611",
        "154.498",
        "79.228",
        "0"
    ]
]