[
    [
        "0",
        "35.605",
        "11.7",
        "209.769",
        "268.437",
        "91.34",
        "82.51"
    ],
    [
        "35.605",
        "0",
        "19.113",
        "254.703",
        "269.674",
        "111.39",
        "96.435"
    ],
    [
        "11.7",
        "19.113",
        "0",
        "284.019",
        "246.874",
        "91.438",
        "77.69"
    ],
    [
        "209.769",
        "254.703",
        "284.019",
        "0",
        "119.191",
        "200.12",
        "252.522"
    ],
    [
        "268.437",
        "269.674",
        "246.874",
        "119.191",
        "0",
        "160.812",
        "153.785"
    ],
    [
        "91.34",
        "111.39",
        "91.438",
        "200.12",
        "160.812",
        "0",
        "76.854"
    ],
    [
        "82.51",
        "96.435",
        "77.69",
        "252.522",
        "153.785",
        "76.854",
        "0"
    ]
]