[
    [
        "0",
        "34.693",
        "10.484",
        "171.477",
        "254.949",
        "87.891",
        "80.821"
    ],
    [
        "34.693",
        "0",
        "19.075",
        "255.823",
        "266.932",
        "111.501",
        "100.527"
    ],
    [
        "10.484",
        "19.075",
        "0",
        "242.24",
        "261.153",
        "91.579",
        "77.588"
    ],
    [
        "171.477",
        "255.823",
        "242.24",
        "0",
        "106.325",
        "188.809",
        "245.157"
    ],
    [
        "254.949",
        "266.932",
        "261.153",
        "106.325",
        "0",
        "160.82",
        "154.139"
    ],
    [
        "87.891",
        "111.501",
        "91.579",
        "188.809",
        "160.82",
        "0",
        "79.318"
    ],
    [
        "80.821",
        "100.527",
        "77.588",
        "245.157",
        "154.139",
        "79.318",
        "0"
    ]
]