[
    [
        "0",
        "34.62",
        "10.585",
        "204.863",
        "262.907",
        "87.793",
        "80.918"
    ],
    [
        "34.62",
        "0",
        "19.103",
        "344.584",
        "267.213",
        "111.401",
        "96.45"
    ],
    [
        "10.585",
        "19.103",
        "0",
        "242.985",
        "246.79",
        "91.722",
        "77.613"
    ],
    [
        "204.863",
        "344.584",
        "242.985",
        "0",
        "121.576",
        "199.247",
        "250.048"
    ],
    [
        "262.907",
        "267.213",
        "246.79",
        "121.576",
        "0",
        "161.202",
        "153.8"
    ],
    [
        "87.793",
        "111.401",
        "91.722",
        "199.247",
        "161.202",
        "0",
        "76.926"
    ],
    [
        "80.918",
        "96.45",
        "77.613",
        "250.048",
        "153.8",
        "76.926",
        "0"
    ]
]