[
    [
        "0",
        "43.685",
        "10.467",
        "199.07",
        "249.061",
        "87.874",
        "93.143"
    ],
    [
        "43.685",
        "0",
        "19.052",
        "318.513",
        "272.842",
        "111.5",
        "96.451"
    ],
    [
        "10.467",
        "19.052",
        "0",
        "241.894",
        "246.73",
        "91.562",
        "77.918"
    ],
    [
        "199.07",
        "318.513",
        "241.894",
        "0",
        "106.793",
        "184.934",
        "249.289"
    ],
    [
        "249.061",
        "272.842",
        "246.73",
        "106.793",
        "0",
        "161.232",
        "157.004"
    ],
    [
        "87.874",
        "111.5",
        "91.562",
        "184.934",
        "161.232",
        "0",
        "78.787"
    ],
    [
        "93.143",
        "96.451",
        "77.918",
        "249.289",
        "157.004",
        "78.787",
        "0"
    ]
]