[
    [
        "0",
        "34.702",
        "10.418",
        "199.908",
        "266.969",
        "87.79",
        "80.848"
    ],
    [
        "34.702",
        "0",
        "19.072",
        "257.363",
        "273.336",
        "111.412",
        "96.456"
    ],
    [
        "10.418",
        "19.072",
        "0",
        "241.999",
        "246.656",
        "91.449",
        "77.68"
    ],
    [
        "199.908",
        "257.363",
        "241.999",
        "0",
        "106.366",
        "188.344",
        "249.781"
    ],
    [
        "266.969",
        "273.336",
        "246.656",
        "106.366",
        "0",
        "160.816",
        "153.807"
    ],
    [
        "87.79",
        "111.412",
        "91.449",
        "188.344",
        "160.816",
        "0",
        "75.256"
    ],
    [
        "80.848",
        "96.456",
        "77.68",
        "249.781",
        "153.807",
        "75.256",
        "0"
    ]
]