[
    [
        "0",
        "34.732",
        "10.481",
        "205.07",
        "262.867",
        "87.793",
        "80.775"
    ],
    [
        "34.732",
        "0",
        "18.989",
        "253.236",
        "270.546",
        "111.393",
        "96.45"
    ],
    [
        "10.481",
        "18.989",
        "0",
        "246.959",
        "246.96",
        "91.806",
        "77.533"
    ],
    [
        "205.07",
        "253.236",
        "246.959",
        "0",
        "108.149",
        "214.388",
        "254.087"
    ],
    [
        "262.867",
        "270.546",
        "246.96",
        "108.149",
        "0",
        "163.387",
        "153.759"
    ],
    [
        "87.793",
        "111.393",
        "91.806",
        "214.388",
        "163.387",
        "0",
        "79.821"
    ],
    [
        "80.775",
        "96.45",
        "77.533",
        "254.087",
        "153.759",
        "79.821",
        "0"
    ]
]