[
    [
        "0",
        "34.642",
        "10.592",
        "203.853",
        "268.283",
        "87.738",
        "80.915"
    ],
    [
        "34.642",
        "0",
        "19.052",
        "324.109",
        "266.388",
        "112.752",
        "96.432"
    ],
    [
        "10.592",
        "19.052",
        "0",
        "263.573",
        "278.836",
        "91.703",
        "77.726"
    ],
    [
        "203.853",
        "324.109",
        "263.573",
        "0",
        "233.961",
        "194.207",
        "240.584"
    ],
    [
        "268.283",
        "266.388",
        "278.836",
        "233.961",
        "0",
        "160.791",
        "153.905"
    ],
    [
        "87.738",
        "112.752",
        "91.703",
        "194.207",
        "160.791",
        "0",
        "76.636"
    ],
    [
        "80.915",
        "96.432",
        "77.726",
        "240.584",
        "153.905",
        "76.636",
        "0"
    ]
]