[
    [
        "0",
        "36.559",
        "10.689",
        "198.404",
        "267.06",
        "87.79",
        "80.958"
    ],
    [
        "36.559",
        "0",
        "19.962",
        "213.944",
        "271.211",
        "112.63",
        "96.982"
    ],
    [
        "10.689",
        "19.962",
        "0",
        "247.514",
        "248.63",
        "91.558",
        "77.556"
    ],
    [
        "198.404",
        "213.944",
        "247.514",
        "0",
        "105.834",
        "185.195",
        "228.375"
    ],
    [
        "267.06",
        "271.211",
        "248.63",
        "105.834",
        "0",
        "160.842",
        "153.916"
    ],
    [
        "87.79",
        "112.63",
        "91.558",
        "185.195",
        "160.842",
        "0",
        "75.534"
    ],
    [
        "80.958",
        "96.982",
        "77.556",
        "228.375",
        "153.916",
        "75.534",
        "0"
    ]
]