[
    [
        "0",
        "34.962",
        "10.577",
        "200.162",
        "262.036",
        "87.858",
        "80.781"
    ],
    [
        "34.962",
        "0",
        "19.058",
        "272.456",
        "270.453",
        "111.451",
        "96.455"
    ],
    [
        "10.577",
        "19.058",
        "0",
        "241.876",
        "247.098",
        "91.802",
        "77.728"
    ],
    [
        "200.162",
        "272.456",
        "241.876",
        "0",
        "106.111",
        "185.095",
        "254.138"
    ],
    [
        "262.036",
        "270.453",
        "247.098",
        "106.111",
        "0",
        "160.804",
        "153.727"
    ],
    [
        "87.858",
        "111.451",
        "91.802",
        "185.095",
        "160.804",
        "0",
        "79.278"
    ],
    [
        "80.781",
        "96.455",
        "77.728",
        "254.138",
        "153.727",
        "79.278",
        "0"
    ]
]