[
    [
        "0",
        "34.768",
        "10.482",
        "202.289",
        "262.855",
        "87.873",
        "84.405"
    ],
    [
        "34.768",
        "0",
        "19.265",
        "260.614",
        "269.675",
        "111.357",
        "96.458"
    ],
    [
        "10.482",
        "19.265",
        "0",
        "241.806",
        "246.671",
        "91.59",
        "77.781"
    ],
    [
        "202.289",
        "260.614",
        "241.806",
        "0",
        "107.913",
        "190.329",
        "254.675"
    ],
    [
        "262.855",
        "269.675",
        "246.671",
        "107.913",
        "0",
        "160.844",
        "153.811"
    ],
    [
        "87.873",
        "111.357",
        "91.59",
        "190.329",
        "160.844",
        "0",
        "80.097"
    ],
    [
        "84.405",
        "96.458",
        "77.781",
        "254.675",
        "153.811",
        "80.097",
        "0"
    ]
]