[
    [
        "0",
        "34.807",
        "10.63",
        "201.674",
        "262.899",
        "87.993",
        "80.819"
    ],
    [
        "34.807",
        "0",
        "19.036",
        "262.948",
        "270.136",
        "113.533",
        "96.433"
    ],
    [
        "10.63",
        "19.036",
        "0",
        "242.078",
        "246.762",
        "92.739",
        "77.543"
    ],
    [
        "201.674",
        "262.948",
        "242.078",
        "0",
        "106.644",
        "189.419",
        "250.88"
    ],
    [
        "262.899",
        "270.136",
        "246.762",
        "106.644",
        "0",
        "160.831",
        "153.793"
    ],
    [
        "87.993",
        "113.533",
        "92.739",
        "189.419",
        "160.831",
        "0",
        "76.124"
    ],
    [
        "80.819",
        "96.433",
        "77.543",
        "250.88",
        "153.793",
        "76.124",
        "0"
    ]
]