[
    [
        "0",
        "34.617",
        "10.47",
        "167.369",
        "254.952",
        "87.828",
        "80.849"
    ],
    [
        "34.617",
        "0",
        "19.083",
        "231.493",
        "269.828",
        "111.418",
        "96.465"
    ],
    [
        "10.47",
        "19.083",
        "0",
        "241.765",
        "261.161",
        "91.474",
        "77.523"
    ],
    [
        "167.369",
        "231.493",
        "241.765",
        "0",
        "106.16",
        "185.087",
        "239.356"
    ],
    [
        "254.952",
        "269.828",
        "261.161",
        "106.16",
        "0",
        "160.779",
        "153.954"
    ],
    [
        "87.828",
        "111.418",
        "91.474",
        "185.087",
        "160.779",
        "0",
        "79.361"
    ],
    [
        "80.849",
        "96.465",
        "77.523",
        "239.356",
        "153.954",
        "79.361",
        "0"
    ]
]