[
    [
        "0",
        "34.815",
        "10.476",
        "197.656",
        "277.818",
        "87.851",
        "80.762"
    ],
    [
        "34.815",
        "0",
        "19.159",
        "214.727",
        "266.717",
        "111.455",
        "96.475"
    ],
    [
        "10.476",
        "19.159",
        "0",
        "265.608",
        "247.686",
        "91.543",
        "77.508"
    ],
    [
        "197.656",
        "214.727",
        "265.608",
        "0",
        "106.27",
        "185.074",
        "242.562"
    ],
    [
        "277.818",
        "266.717",
        "247.686",
        "106.27",
        "0",
        "160.307",
        "161.474"
    ],
    [
        "87.851",
        "111.455",
        "91.543",
        "185.074",
        "160.307",
        "0",
        "77.833"
    ],
    [
        "80.762",
        "96.475",
        "77.508",
        "242.562",
        "161.474",
        "77.833",
        "0"
    ]
]