[
    [
        "0",
        "34.698",
        "10.456",
        "204.107",
        "241.245",
        "87.92",
        "80.856"
    ],
    [
        "34.698",
        "0",
        "19.162",
        "273.657",
        "267.268",
        "111.386",
        "96.427"
    ],
    [
        "10.456",
        "19.162",
        "0",
        "242.092",
        "246.741",
        "91.958",
        "77.651"
    ],
    [
        "204.107",
        "273.657",
        "242.092",
        "0",
        "127.752",
        "196.339",
        "254.893"
    ],
    [
        "241.245",
        "267.268",
        "246.741",
        "127.752",
        "0",
        "162.889",
        "154.097"
    ],
    [
        "87.92",
        "111.386",
        "91.958",
        "196.339",
        "162.889",
        "0",
        "80.494"
    ],
    [
        "80.856",
        "96.427",
        "77.651",
        "254.893",
        "154.097",
        "80.494",
        "0"
    ]
]