[
    [
        "0",
        "34.696",
        "10.489",
        "202.25",
        "277.813",
        "87.692",
        "80.833"
    ],
    [
        "34.696",
        "0",
        "19.136",
        "239.07",
        "260.485",
        "111.406",
        "96.444"
    ],
    [
        "10.489",
        "19.136",
        "0",
        "260.969",
        "247.514",
        "93.124",
        "77.716"
    ],
    [
        "202.25",
        "239.07",
        "260.969",
        "0",
        "226.989",
        "195.325",
        "236.356"
    ],
    [
        "277.813",
        "260.485",
        "247.514",
        "226.989",
        "0",
        "164.632",
        "161.912"
    ],
    [
        "87.692",
        "111.406",
        "93.124",
        "195.325",
        "164.632",
        "0",
        "90.624"
    ],
    [
        "80.833",
        "96.444",
        "77.716",
        "236.356",
        "161.912",
        "90.624",
        "0"
    ]
]