[
    [
        "0",
        "34.694",
        "10.463",
        "206.7",
        "262.998",
        "87.729",
        "84.184"
    ],
    [
        "34.694",
        "0",
        "19.116",
        "233.187",
        "270.675",
        "111.498",
        "96.448"
    ],
    [
        "10.463",
        "19.116",
        "0",
        "263.896",
        "247.083",
        "91.593",
        "77.6"
    ],
    [
        "206.7",
        "233.187",
        "263.896",
        "0",
        "107.148",
        "192.229",
        "250.136"
    ],
    [
        "262.998",
        "270.675",
        "247.083",
        "107.148",
        "0",
        "160.837",
        "153.695"
    ],
    [
        "87.729",
        "111.498",
        "91.593",
        "192.229",
        "160.837",
        "0",
        "74.414"
    ],
    [
        "84.184",
        "96.448",
        "77.6",
        "250.136",
        "153.695",
        "74.414",
        "0"
    ]
]