[
    [
        "0",
        "34.744",
        "10.39",
        "197.347",
        "278.099",
        "87.859",
        "80.708"
    ],
    [
        "34.744",
        "0",
        "19.099",
        "265.967",
        "269.958",
        "111.447",
        "96.47"
    ],
    [
        "10.39",
        "19.099",
        "0",
        "260.208",
        "247.799",
        "91.498",
        "77.722"
    ],
    [
        "197.347",
        "265.967",
        "260.208",
        "0",
        "107.275",
        "184.11",
        "236.048"
    ],
    [
        "278.099",
        "269.958",
        "247.799",
        "107.275",
        "0",
        "160.265",
        "161.354"
    ],
    [
        "87.859",
        "111.447",
        "91.498",
        "184.11",
        "160.265",
        "0",
        "78.075"
    ],
    [
        "80.708",
        "96.47",
        "77.722",
        "236.048",
        "161.354",
        "78.075",
        "0"
    ]
]