[
    [
        "0",
        "36.882",
        "10.484",
        "208.881",
        "240.596",
        "87.828",
        "84.368"
    ],
    [
        "36.882",
        "0",
        "19.06",
        "330.811",
        "269.834",
        "111.419",
        "96.451"
    ],
    [
        "10.484",
        "19.06",
        "0",
        "243.288",
        "246.578",
        "91.513",
        "77.72"
    ],
    [
        "208.881",
        "330.811",
        "243.288",
        "0",
        "107.907",
        "193.729",
        "253.878"
    ],
    [
        "240.596",
        "269.834",
        "246.578",
        "107.907",
        "0",
        "247.886",
        "156.37"
    ],
    [
        "87.828",
        "111.419",
        "91.513",
        "193.729",
        "247.886",
        "0",
        "83.616"
    ],
    [
        "84.368",
        "96.451",
        "77.72",
        "253.878",
        "156.37",
        "83.616",
        "0"
    ]
]