[
    [
        "0",
        "34.686",
        "10.511",
        "172.952",
        "255.463",
        "87.767",
        "80.76"
    ],
    [
        "34.686",
        "0",
        "19.103",
        "226.368",
        "267.334",
        "111.43",
        "96.456"
    ],
    [
        "10.511",
        "19.103",
        "0",
        "249.075",
        "259.215",
        "91.567",
        "77.655"
    ],
    [
        "172.952",
        "226.368",
        "249.075",
        "0",
        "108.076",
        "195.273",
        "251.814"
    ],
    [
        "255.463",
        "267.334",
        "259.215",
        "108.076",
        "0",
        "160.803",
        "153.945"
    ],
    [
        "87.767",
        "111.43",
        "91.567",
        "195.273",
        "160.803",
        "0",
        "79.325"
    ],
    [
        "80.76",
        "96.456",
        "77.655",
        "251.814",
        "153.945",
        "79.325",
        "0"
    ]
]