[
    [
        "0",
        "34.841",
        "11.02",
        "204.332",
        "277.749",
        "87.927",
        "80.889"
    ],
    [
        "34.841",
        "0",
        "19.263",
        "331.159",
        "269.601",
        "111.501",
        "96.586"
    ],
    [
        "11.02",
        "19.263",
        "0",
        "264.061",
        "249.733",
        "91.569",
        "77.711"
    ],
    [
        "204.332",
        "331.159",
        "264.061",
        "0",
        "143.622",
        "198.84",
        "223.38"
    ],
    [
        "277.749",
        "269.601",
        "249.733",
        "143.622",
        "0",
        "160.25",
        "161.428"
    ],
    [
        "87.927",
        "111.501",
        "91.569",
        "198.84",
        "160.25",
        "0",
        "79.068"
    ],
    [
        "80.889",
        "96.586",
        "77.711",
        "223.38",
        "161.428",
        "79.068",
        "0"
    ]
]