[
    [
        "0",
        "34.698",
        "10.491",
        "199.557",
        "262.051",
        "87.749",
        "80.891"
    ],
    [
        "34.698",
        "0",
        "19.128",
        "326.335",
        "267.089",
        "111.433",
        "96.487"
    ],
    [
        "10.491",
        "19.128",
        "0",
        "293.129",
        "246.681",
        "91.505",
        "77.712"
    ],
    [
        "199.557",
        "326.335",
        "293.129",
        "0",
        "106.467",
        "199.347",
        "278.506"
    ],
    [
        "262.051",
        "267.089",
        "246.681",
        "106.467",
        "0",
        "170.07",
        "153.81"
    ],
    [
        "87.749",
        "111.433",
        "91.505",
        "199.347",
        "170.07",
        "0",
        "74.742"
    ],
    [
        "80.891",
        "96.487",
        "77.712",
        "278.506",
        "153.81",
        "74.742",
        "0"
    ]
]