[
    [
        "0",
        "38.161",
        "13.249",
        "213.321",
        "271.298",
        "90.871",
        "83.969"
    ],
    [
        "38.161",
        "0",
        "19.097",
        "240.885",
        "270.208",
        "111.467",
        "96.491"
    ],
    [
        "13.249",
        "19.097",
        "0",
        "305.151",
        "246.693",
        "92.19",
        "77.634"
    ],
    [
        "213.321",
        "240.885",
        "305.151",
        "0",
        "109.498",
        "202.713",
        "265.871"
    ],
    [
        "271.298",
        "270.208",
        "246.693",
        "109.498",
        "0",
        "160.852",
        "153.777"
    ],
    [
        "90.871",
        "111.467",
        "92.19",
        "202.713",
        "160.852",
        "0",
        "79.559"
    ],
    [
        "83.969",
        "96.491",
        "77.634",
        "265.871",
        "153.777",
        "79.559",
        "0"
    ]
]