[
    [
        "0",
        "34.704",
        "10.494",
        "209.095",
        "262.89",
        "87.823",
        "80.87"
    ],
    [
        "34.704",
        "0",
        "19.06",
        "244.1",
        "267.574",
        "111.403",
        "96.408"
    ],
    [
        "10.494",
        "19.06",
        "0",
        "242.971",
        "246.892",
        "95.204",
        "77.626"
    ],
    [
        "209.095",
        "244.1",
        "242.971",
        "0",
        "114.087",
        "204.409",
        "251.177"
    ],
    [
        "262.89",
        "267.574",
        "246.892",
        "114.087",
        "0",
        "160.805",
        "153.749"
    ],
    [
        "87.823",
        "111.403",
        "95.204",
        "204.409",
        "160.805",
        "0",
        "75.026"
    ],
    [
        "80.87",
        "96.408",
        "77.626",
        "251.177",
        "153.749",
        "75.026",
        "0"
    ]
]