[
    [
        "0",
        "34.752",
        "10.435",
        "198.555",
        "262.949",
        "87.816",
        "80.906"
    ],
    [
        "34.752",
        "0",
        "19.147",
        "242.538",
        "263.323",
        "111.414",
        "96.471"
    ],
    [
        "10.435",
        "19.147",
        "0",
        "247.406",
        "246.826",
        "91.625",
        "77.751"
    ],
    [
        "198.555",
        "242.538",
        "247.406",
        "0",
        "108.924",
        "205.785",
        "249.279"
    ],
    [
        "262.949",
        "263.323",
        "246.826",
        "108.924",
        "0",
        "160.814",
        "153.733"
    ],
    [
        "87.816",
        "111.414",
        "91.625",
        "205.785",
        "160.814",
        "0",
        "74.557"
    ],
    [
        "80.906",
        "96.471",
        "77.751",
        "249.279",
        "153.733",
        "74.557",
        "0"
    ]
]