[
    [
        "0",
        "34.62",
        "12.88",
        "207.253",
        "266.949",
        "87.843",
        "80.909"
    ],
    [
        "34.62",
        "0",
        "19.038",
        "269.002",
        "269.306",
        "111.442",
        "96.469"
    ],
    [
        "12.88",
        "19.038",
        "0",
        "241.867",
        "259.269",
        "91.518",
        "78.11"
    ],
    [
        "207.253",
        "269.002",
        "241.867",
        "0",
        "106.104",
        "184.93",
        "234.803"
    ],
    [
        "266.949",
        "269.306",
        "259.269",
        "106.104",
        "0",
        "160.822",
        "153.785"
    ],
    [
        "87.843",
        "111.442",
        "91.518",
        "184.93",
        "160.822",
        "0",
        "79.317"
    ],
    [
        "80.909",
        "96.469",
        "78.11",
        "234.803",
        "153.785",
        "79.317",
        "0"
    ]
]