[
    [
        "0",
        "34.975",
        "10.722",
        "215.434",
        "263.183",
        "87.767",
        "80.828"
    ],
    [
        "34.975",
        "0",
        "19.102",
        "288.425",
        "267.293",
        "111.38",
        "96.446"
    ],
    [
        "10.722",
        "19.102",
        "0",
        "243.244",
        "247.012",
        "91.512",
        "77.661"
    ],
    [
        "215.434",
        "288.425",
        "243.244",
        "0",
        "117.475",
        "200.259",
        "252.194"
    ],
    [
        "263.183",
        "267.293",
        "247.012",
        "117.475",
        "0",
        "160.831",
        "153.78"
    ],
    [
        "87.767",
        "111.38",
        "91.512",
        "200.259",
        "160.831",
        "0",
        "74.486"
    ],
    [
        "80.828",
        "96.446",
        "77.661",
        "252.194",
        "153.78",
        "74.486",
        "0"
    ]
]