[
    [
        "0",
        "37.203",
        "10.513",
        "201.638",
        "261.943",
        "87.776",
        "80.836"
    ],
    [
        "37.203",
        "0",
        "19.062",
        "323.234",
        "263.624",
        "111.443",
        "96.482"
    ],
    [
        "10.513",
        "19.062",
        "0",
        "242.188",
        "246.762",
        "91.671",
        "77.715"
    ],
    [
        "201.638",
        "323.234",
        "242.188",
        "0",
        "109.026",
        "194.946",
        "277.589"
    ],
    [
        "261.943",
        "263.624",
        "246.762",
        "109.026",
        "0",
        "235.217",
        "153.705"
    ],
    [
        "87.776",
        "111.443",
        "91.671",
        "194.946",
        "235.217",
        "0",
        "78.243"
    ],
    [
        "80.836",
        "96.482",
        "77.715",
        "277.589",
        "153.705",
        "78.243",
        "0"
    ]
]