[
    [
        "0",
        "34.625",
        "10.419",
        "200.23",
        "262.129",
        "87.852",
        "80.836"
    ],
    [
        "34.625",
        "0",
        "19.056",
        "279.385",
        "267.508",
        "111.98",
        "96.464"
    ],
    [
        "10.419",
        "19.056",
        "0",
        "242.119",
        "247.529",
        "91.476",
        "77.724"
    ],
    [
        "200.23",
        "279.385",
        "242.119",
        "0",
        "111.641",
        "199.419",
        "253.258"
    ],
    [
        "262.129",
        "267.508",
        "247.529",
        "111.641",
        "0",
        "168.095",
        "153.79"
    ],
    [
        "87.852",
        "111.98",
        "91.476",
        "199.419",
        "168.095",
        "0",
        "75.529"
    ],
    [
        "80.836",
        "96.464",
        "77.724",
        "253.258",
        "153.79",
        "75.529",
        "0"
    ]
]