[
    [
        "0",
        "34.6",
        "10.401",
        "210.449",
        "268.352",
        "87.749",
        "80.726"
    ],
    [
        "34.6",
        "0",
        "19.062",
        "233.115",
        "266.72",
        "111.396",
        "96.441"
    ],
    [
        "10.401",
        "19.062",
        "0",
        "257.196",
        "248.05",
        "91.486",
        "77.563"
    ],
    [
        "210.449",
        "233.115",
        "257.196",
        "0",
        "164.084",
        "194.867",
        "254.335"
    ],
    [
        "268.352",
        "266.72",
        "248.05",
        "164.084",
        "0",
        "161.705",
        "153.975"
    ],
    [
        "87.749",
        "111.396",
        "91.486",
        "194.867",
        "161.705",
        "0",
        "74.94"
    ],
    [
        "80.726",
        "96.441",
        "77.563",
        "254.335",
        "153.975",
        "74.94",
        "0"
    ]
]