[
    [
        "0",
        "34.729",
        "10.456",
        "167.446",
        "254.993",
        "87.754",
        "80.759"
    ],
    [
        "34.729",
        "0",
        "19.05",
        "283.03",
        "269.982",
        "111.444",
        "96.488"
    ],
    [
        "10.456",
        "19.05",
        "0",
        "242.499",
        "259.279",
        "91.481",
        "77.711"
    ],
    [
        "167.446",
        "283.03",
        "242.499",
        "0",
        "106.638",
        "195.259",
        "244.831"
    ],
    [
        "254.993",
        "269.982",
        "259.279",
        "106.638",
        "0",
        "160.893",
        "154.102"
    ],
    [
        "87.754",
        "111.444",
        "91.481",
        "195.259",
        "160.893",
        "0",
        "79.288"
    ],
    [
        "80.759",
        "96.488",
        "77.711",
        "244.831",
        "154.102",
        "79.288",
        "0"
    ]
]