[
    [
        "0",
        "34.718",
        "10.672",
        "202.762",
        "266.85",
        "87.825",
        "80.76"
    ],
    [
        "34.718",
        "0",
        "19.145",
        "315.003",
        "273.062",
        "111.399",
        "96.441"
    ],
    [
        "10.672",
        "19.145",
        "0",
        "241.816",
        "259.189",
        "91.475",
        "77.612"
    ],
    [
        "202.762",
        "315.003",
        "241.816",
        "0",
        "106.117",
        "184.929",
        "253.996"
    ],
    [
        "266.85",
        "273.062",
        "259.189",
        "106.117",
        "0",
        "167.665",
        "153.701"
    ],
    [
        "87.825",
        "111.399",
        "91.475",
        "184.929",
        "167.665",
        "0",
        "79.164"
    ],
    [
        "80.76",
        "96.441",
        "77.612",
        "253.996",
        "153.701",
        "79.164",
        "0"
    ]
]