[
    [
        "0",
        "34.802",
        "10.354",
        "196.528",
        "277.88",
        "87.787",
        "81.205"
    ],
    [
        "34.802",
        "0",
        "19.208",
        "220.34",
        "269.31",
        "111.399",
        "96.446"
    ],
    [
        "10.354",
        "19.208",
        "0",
        "260.435",
        "247.85",
        "91.497",
        "77.926"
    ],
    [
        "196.528",
        "220.34",
        "260.435",
        "0",
        "106.197",
        "184.112",
        "231.314"
    ],
    [
        "277.88",
        "269.31",
        "247.85",
        "106.197",
        "0",
        "160.188",
        "161.429"
    ],
    [
        "87.787",
        "111.399",
        "91.497",
        "184.112",
        "160.188",
        "0",
        "78.052"
    ],
    [
        "81.205",
        "96.446",
        "77.926",
        "231.314",
        "161.429",
        "78.052",
        "0"
    ]
]