[
    [
        "0",
        "34.721",
        "10.442",
        "202.888",
        "262.785",
        "87.762",
        "80.803"
    ],
    [
        "34.721",
        "0",
        "19.156",
        "229.849",
        "270.26",
        "111.483",
        "96.492"
    ],
    [
        "10.442",
        "19.156",
        "0",
        "241.932",
        "247.02",
        "91.51",
        "77.612"
    ],
    [
        "202.888",
        "229.849",
        "241.932",
        "0",
        "114.991",
        "194.865",
        "250.138"
    ],
    [
        "262.785",
        "270.26",
        "247.02",
        "114.991",
        "0",
        "160.916",
        "153.806"
    ],
    [
        "87.762",
        "111.483",
        "91.51",
        "194.865",
        "160.916",
        "0",
        "74.965"
    ],
    [
        "80.803",
        "96.492",
        "77.612",
        "250.138",
        "153.806",
        "74.965",
        "0"
    ]
]