[
    [
        "0",
        "34.711",
        "10.482",
        "198.479",
        "262.844",
        "89.058",
        "80.786"
    ],
    [
        "34.711",
        "0",
        "19.054",
        "220.994",
        "273.03",
        "111.389",
        "96.46"
    ],
    [
        "10.482",
        "19.054",
        "0",
        "282.394",
        "246.703",
        "91.511",
        "77.658"
    ],
    [
        "198.479",
        "220.994",
        "282.394",
        "0",
        "106.353",
        "213.759",
        "249.829"
    ],
    [
        "262.844",
        "273.03",
        "246.703",
        "106.353",
        "0",
        "160.883",
        "153.805"
    ],
    [
        "89.058",
        "111.389",
        "91.511",
        "213.759",
        "160.883",
        "0",
        "74.964"
    ],
    [
        "80.786",
        "96.46",
        "77.658",
        "249.829",
        "153.805",
        "74.964",
        "0"
    ]
]