[
    [
        "0",
        "34.821",
        "10.497",
        "169.678",
        "277.822",
        "87.841",
        "80.94"
    ],
    [
        "34.821",
        "0",
        "19.094",
        "269.248",
        "269.701",
        "111.418",
        "96.592"
    ],
    [
        "10.497",
        "19.094",
        "0",
        "274.361",
        "247.613",
        "91.541",
        "77.583"
    ],
    [
        "169.678",
        "269.248",
        "274.361",
        "0",
        "109.515",
        "195.071",
        "256.746"
    ],
    [
        "277.822",
        "269.701",
        "247.613",
        "109.515",
        "0",
        "160.279",
        "161.744"
    ],
    [
        "87.841",
        "111.418",
        "91.541",
        "195.071",
        "160.279",
        "0",
        "79.449"
    ],
    [
        "80.94",
        "96.592",
        "77.583",
        "256.746",
        "161.744",
        "79.449",
        "0"
    ]
]