[
    [
        "0",
        "34.748",
        "10.551",
        "172.889",
        "277.802",
        "87.86",
        "80.838"
    ],
    [
        "34.748",
        "0",
        "19.332",
        "265.342",
        "266.758",
        "111.357",
        "96.391"
    ],
    [
        "10.551",
        "19.332",
        "0",
        "274.606",
        "247.685",
        "91.415",
        "77.591"
    ],
    [
        "172.889",
        "265.342",
        "274.606",
        "0",
        "115.461",
        "193.116",
        "209.709"
    ],
    [
        "277.802",
        "266.758",
        "247.685",
        "115.461",
        "0",
        "160.341",
        "207.489"
    ],
    [
        "87.86",
        "111.357",
        "91.415",
        "193.116",
        "160.341",
        "0",
        "78.639"
    ],
    [
        "80.838",
        "96.391",
        "77.591",
        "209.709",
        "207.489",
        "78.639",
        "0"
    ]
]