[
    [
        "0",
        "34.796",
        "10.524",
        "209.713",
        "270.583",
        "89.964",
        "80.891"
    ],
    [
        "34.796",
        "0",
        "19.053",
        "233.713",
        "266.651",
        "111.484",
        "96.423"
    ],
    [
        "10.524",
        "19.053",
        "0",
        "257.516",
        "248.813",
        "91.445",
        "77.661"
    ],
    [
        "209.713",
        "233.713",
        "257.516",
        "0",
        "153.3",
        "194.57",
        "241.413"
    ],
    [
        "270.583",
        "266.651",
        "248.813",
        "153.3",
        "0",
        "160.956",
        "154.02"
    ],
    [
        "89.964",
        "111.484",
        "91.445",
        "194.57",
        "160.956",
        "0",
        "75.626"
    ],
    [
        "80.891",
        "96.423",
        "77.661",
        "241.413",
        "154.02",
        "75.626",
        "0"
    ]
]