[
    [
        "0",
        "34.754",
        "10.471",
        "174.247",
        "262.161",
        "87.849",
        "80.821"
    ],
    [
        "34.754",
        "0",
        "19.08",
        "246.731",
        "267.352",
        "111.42",
        "96.444"
    ],
    [
        "10.471",
        "19.08",
        "0",
        "242.951",
        "247.223",
        "91.468",
        "77.823"
    ],
    [
        "174.247",
        "246.731",
        "242.951",
        "0",
        "108.251",
        "194.288",
        "259.433"
    ],
    [
        "262.161",
        "267.352",
        "247.223",
        "108.251",
        "0",
        "179.001",
        "153.716"
    ],
    [
        "87.849",
        "111.42",
        "91.468",
        "194.288",
        "179.001",
        "0",
        "79.318"
    ],
    [
        "80.821",
        "96.444",
        "77.823",
        "259.433",
        "153.716",
        "79.318",
        "0"
    ]
]