[
    [
        "0",
        "34.646",
        "16.161",
        "196.391",
        "262.042",
        "95.782",
        "84.214"
    ],
    [
        "34.646",
        "0",
        "19.119",
        "220.542",
        "270.048",
        "118.327",
        "96.435"
    ],
    [
        "16.161",
        "19.119",
        "0",
        "268.942",
        "253.574",
        "91.483",
        "77.714"
    ],
    [
        "196.391",
        "220.542",
        "268.942",
        "0",
        "105.798",
        "184.943",
        "249.308"
    ],
    [
        "262.042",
        "270.048",
        "253.574",
        "105.798",
        "0",
        "161.001",
        "153.82"
    ],
    [
        "95.782",
        "118.327",
        "91.483",
        "184.943",
        "161.001",
        "0",
        "74.73"
    ],
    [
        "84.214",
        "96.435",
        "77.714",
        "249.308",
        "153.82",
        "74.73",
        "0"
    ]
]