[
    [
        "0",
        "34.707",
        "14.304",
        "201.283",
        "261.995",
        "87.835",
        "80.824"
    ],
    [
        "34.707",
        "0",
        "19.063",
        "220.582",
        "270.389",
        "111.512",
        "96.444"
    ],
    [
        "14.304",
        "19.063",
        "0",
        "241.774",
        "247.396",
        "91.533",
        "77.603"
    ],
    [
        "201.283",
        "220.582",
        "241.774",
        "0",
        "105.892",
        "184.895",
        "254.139"
    ],
    [
        "261.995",
        "270.389",
        "247.396",
        "105.892",
        "0",
        "160.926",
        "153.72"
    ],
    [
        "87.835",
        "111.512",
        "91.533",
        "184.895",
        "160.926",
        "0",
        "79.309"
    ],
    [
        "80.824",
        "96.444",
        "77.603",
        "254.139",
        "153.72",
        "79.309",
        "0"
    ]
]