[
    [
        "0",
        "34.788",
        "10.47",
        "198.206",
        "266.898",
        "87.836",
        "80.795"
    ],
    [
        "34.788",
        "0",
        "19.112",
        "288.29",
        "270.405",
        "111.396",
        "96.454"
    ],
    [
        "10.47",
        "19.112",
        "0",
        "241.82",
        "259.199",
        "91.801",
        "77.643"
    ],
    [
        "198.206",
        "288.29",
        "241.82",
        "0",
        "106.26",
        "184.921",
        "235.047"
    ],
    [
        "266.898",
        "270.405",
        "259.199",
        "106.26",
        "0",
        "160.811",
        "153.773"
    ],
    [
        "87.836",
        "111.396",
        "91.801",
        "184.921",
        "160.811",
        "0",
        "79.812"
    ],
    [
        "80.795",
        "96.454",
        "77.643",
        "235.047",
        "153.773",
        "79.812",
        "0"
    ]
]