[
    [
        "0",
        "34.821",
        "10.45",
        "203.397",
        "261.966",
        "87.805",
        "80.818"
    ],
    [
        "34.821",
        "0",
        "19.141",
        "254.762",
        "269.252",
        "111.463",
        "96.439"
    ],
    [
        "10.45",
        "19.141",
        "0",
        "241.859",
        "247.309",
        "91.614",
        "77.642"
    ],
    [
        "203.397",
        "254.762",
        "241.859",
        "0",
        "108.408",
        "193.727",
        "224.882"
    ],
    [
        "261.966",
        "269.252",
        "247.309",
        "108.408",
        "0",
        "160.865",
        "153.769"
    ],
    [
        "87.805",
        "111.463",
        "91.614",
        "193.727",
        "160.865",
        "0",
        "79.417"
    ],
    [
        "80.818",
        "96.439",
        "77.642",
        "224.882",
        "153.769",
        "79.417",
        "0"
    ]
]