[
    [
        "0",
        "34.761",
        "10.389",
        "203.056",
        "262.046",
        "87.753",
        "80.791"
    ],
    [
        "34.761",
        "0",
        "19.08",
        "322.004",
        "266.314",
        "111.43",
        "96.42"
    ],
    [
        "10.389",
        "19.08",
        "0",
        "242.905",
        "247.168",
        "91.547",
        "77.769"
    ],
    [
        "203.056",
        "322.004",
        "242.905",
        "0",
        "107.916",
        "201.891",
        "263.243"
    ],
    [
        "262.046",
        "266.314",
        "247.168",
        "107.916",
        "0",
        "340.315",
        "153.735"
    ],
    [
        "87.753",
        "111.43",
        "91.547",
        "201.891",
        "340.315",
        "0",
        "79.325"
    ],
    [
        "80.791",
        "96.42",
        "77.769",
        "263.243",
        "153.735",
        "79.325",
        "0"
    ]
]