[
    [
        "0",
        "34.849",
        "10.698",
        "205.807",
        "277.901",
        "87.786",
        "80.798"
    ],
    [
        "34.849",
        "0",
        "19.059",
        "316.52",
        "267.348",
        "111.532",
        "96.454"
    ],
    [
        "10.698",
        "19.059",
        "0",
        "274.908",
        "247.884",
        "92.255",
        "77.697"
    ],
    [
        "205.807",
        "316.52",
        "274.908",
        "0",
        "168.863",
        "200.376",
        "213.457"
    ],
    [
        "277.901",
        "267.348",
        "247.884",
        "168.863",
        "0",
        "160.338",
        "164.979"
    ],
    [
        "87.786",
        "111.532",
        "92.255",
        "200.376",
        "160.338",
        "0",
        "81.582"
    ],
    [
        "80.798",
        "96.454",
        "77.697",
        "213.457",
        "164.979",
        "81.582",
        "0"
    ]
]