[
    [
        "0",
        "34.79",
        "10.382",
        "210.032",
        "262.897",
        "87.874",
        "80.859"
    ],
    [
        "34.79",
        "0",
        "19.033",
        "297.283",
        "273.331",
        "111.419",
        "96.483"
    ],
    [
        "10.382",
        "19.033",
        "0",
        "242.892",
        "248.073",
        "91.577",
        "77.577"
    ],
    [
        "210.032",
        "297.283",
        "242.892",
        "0",
        "112.723",
        "193.625",
        "310.244"
    ],
    [
        "262.897",
        "273.331",
        "248.073",
        "112.723",
        "0",
        "160.81",
        "153.735"
    ],
    [
        "87.874",
        "111.419",
        "91.577",
        "193.625",
        "160.81",
        "0",
        "80.004"
    ],
    [
        "80.859",
        "96.483",
        "77.577",
        "310.244",
        "153.735",
        "80.004",
        "0"
    ]
]