[
    [
        "0",
        "34.714",
        "10.602",
        "199.299",
        "266.897",
        "88.178",
        "80.904"
    ],
    [
        "34.714",
        "0",
        "19.073",
        "316.222",
        "267.134",
        "111.408",
        "96.505"
    ],
    [
        "10.602",
        "19.073",
        "0",
        "242.656",
        "259.222",
        "91.566",
        "77.884"
    ],
    [
        "199.299",
        "316.222",
        "242.656",
        "0",
        "108.268",
        "194.748",
        "254.264"
    ],
    [
        "266.897",
        "267.134",
        "259.222",
        "108.268",
        "0",
        "160.834",
        "153.764"
    ],
    [
        "88.178",
        "111.408",
        "91.566",
        "194.748",
        "160.834",
        "0",
        "79.367"
    ],
    [
        "80.904",
        "96.505",
        "77.884",
        "254.264",
        "153.764",
        "79.367",
        "0"
    ]
]