[
    [
        "0",
        "34.62",
        "10.563",
        "199.574",
        "267.063",
        "87.766",
        "80.915"
    ],
    [
        "34.62",
        "0",
        "19.04",
        "236.13",
        "269.935",
        "111.461",
        "96.421"
    ],
    [
        "10.563",
        "19.04",
        "0",
        "242.03",
        "248.732",
        "91.501",
        "77.571"
    ],
    [
        "199.574",
        "236.13",
        "242.03",
        "0",
        "107.58",
        "192.417",
        "245.745"
    ],
    [
        "267.063",
        "269.935",
        "248.732",
        "107.58",
        "0",
        "160.79",
        "153.952"
    ],
    [
        "87.766",
        "111.461",
        "91.501",
        "192.417",
        "160.79",
        "0",
        "79.207"
    ],
    [
        "80.915",
        "96.421",
        "77.571",
        "245.745",
        "153.952",
        "79.207",
        "0"
    ]
]