[
    [
        "0",
        "34.724",
        "10.6",
        "202.003",
        "266.855",
        "88.43",
        "80.964"
    ],
    [
        "34.724",
        "0",
        "19.186",
        "245.722",
        "266.813",
        "111.361",
        "96.489"
    ],
    [
        "10.6",
        "19.186",
        "0",
        "241.945",
        "259.281",
        "91.501",
        "77.626"
    ],
    [
        "202.003",
        "245.722",
        "241.945",
        "0",
        "106.788",
        "193.963",
        "248.589"
    ],
    [
        "266.855",
        "266.813",
        "259.281",
        "106.788",
        "0",
        "162.26",
        "153.83"
    ],
    [
        "88.43",
        "111.361",
        "91.501",
        "193.963",
        "162.26",
        "0",
        "79.302"
    ],
    [
        "80.964",
        "96.489",
        "77.626",
        "248.589",
        "153.83",
        "79.302",
        "0"
    ]
]