[
    [
        "0",
        "34.712",
        "10.495",
        "205.161",
        "244.853",
        "87.784",
        "84.253"
    ],
    [
        "34.712",
        "0",
        "19.065",
        "326.46",
        "267.375",
        "111.419",
        "96.706"
    ],
    [
        "10.495",
        "19.065",
        "0",
        "243.483",
        "261.158",
        "91.424",
        "77.473"
    ],
    [
        "205.161",
        "326.46",
        "243.483",
        "0",
        "115.157",
        "193.938",
        "245.751"
    ],
    [
        "244.853",
        "267.375",
        "261.158",
        "115.157",
        "0",
        "160.885",
        "153.933"
    ],
    [
        "87.784",
        "111.419",
        "91.424",
        "193.938",
        "160.885",
        "0",
        "79.721"
    ],
    [
        "84.253",
        "96.706",
        "77.473",
        "245.751",
        "153.933",
        "79.721",
        "0"
    ]
]