[
    [
        "0",
        "34.781",
        "10.54",
        "201.581",
        "277.876",
        "87.85",
        "80.778"
    ],
    [
        "34.781",
        "0",
        "19.047",
        "325.247",
        "269.904",
        "111.446",
        "96.457"
    ],
    [
        "10.54",
        "19.047",
        "0",
        "270.178",
        "248.044",
        "91.603",
        "77.528"
    ],
    [
        "201.581",
        "325.247",
        "270.178",
        "0",
        "106.637",
        "186.193",
        "243.065"
    ],
    [
        "277.876",
        "269.904",
        "248.044",
        "106.637",
        "0",
        "160.267",
        "161.476"
    ],
    [
        "87.85",
        "111.446",
        "91.603",
        "186.193",
        "160.267",
        "0",
        "78.55"
    ],
    [
        "80.778",
        "96.457",
        "77.528",
        "243.065",
        "161.476",
        "78.55",
        "0"
    ]
]