[
    [
        "0",
        "34.646",
        "10.662",
        "206.655",
        "267.625",
        "87.839",
        "80.735"
    ],
    [
        "34.646",
        "0",
        "19.072",
        "294.414",
        "266.91",
        "111.496",
        "96.491"
    ],
    [
        "10.662",
        "19.072",
        "0",
        "242.884",
        "259.205",
        "91.576",
        "77.551"
    ],
    [
        "206.655",
        "294.414",
        "242.884",
        "0",
        "111.405",
        "192.942",
        "255.702"
    ],
    [
        "267.625",
        "266.91",
        "259.205",
        "111.405",
        "0",
        "160.876",
        "153.811"
    ],
    [
        "87.839",
        "111.496",
        "91.576",
        "192.942",
        "160.876",
        "0",
        "81.326"
    ],
    [
        "80.735",
        "96.491",
        "77.551",
        "255.702",
        "153.811",
        "81.326",
        "0"
    ]
]