[
    [
        "0",
        "34.663",
        "12.484",
        "206.79",
        "266.989",
        "87.753",
        "80.938"
    ],
    [
        "34.663",
        "0",
        "19.3",
        "223.785",
        "270.107",
        "112.846",
        "96.422"
    ],
    [
        "12.484",
        "19.3",
        "0",
        "322.831",
        "248.684",
        "91.68",
        "77.974"
    ],
    [
        "206.79",
        "223.785",
        "322.831",
        "0",
        "106.499",
        "185.165",
        "232.907"
    ],
    [
        "266.989",
        "270.107",
        "248.684",
        "106.499",
        "0",
        "160.768",
        "153.894"
    ],
    [
        "87.753",
        "112.846",
        "91.68",
        "185.165",
        "160.768",
        "0",
        "75.52"
    ],
    [
        "80.938",
        "96.422",
        "77.974",
        "232.907",
        "153.894",
        "75.52",
        "0"
    ]
]