[
    [
        "0",
        "34.701",
        "10.477",
        "208.95",
        "262.042",
        "87.816",
        "80.864"
    ],
    [
        "34.701",
        "0",
        "19.073",
        "319.641",
        "272.614",
        "111.433",
        "96.475"
    ],
    [
        "10.477",
        "19.073",
        "0",
        "288.041",
        "247.19",
        "91.529",
        "77.769"
    ],
    [
        "208.95",
        "319.641",
        "288.041",
        "0",
        "117.814",
        "197.1",
        "255.156"
    ],
    [
        "262.042",
        "272.614",
        "247.19",
        "117.814",
        "0",
        "167.994",
        "153.668"
    ],
    [
        "87.816",
        "111.433",
        "91.529",
        "197.1",
        "167.994",
        "0",
        "78.107"
    ],
    [
        "80.864",
        "96.475",
        "77.769",
        "255.156",
        "153.668",
        "78.107",
        "0"
    ]
]