[
    [
        "0",
        "34.839",
        "10.52",
        "197.661",
        "277.729",
        "87.743",
        "80.763"
    ],
    [
        "34.839",
        "0",
        "19.106",
        "223.928",
        "266.687",
        "111.43",
        "96.435"
    ],
    [
        "10.52",
        "19.106",
        "0",
        "241.683",
        "247.478",
        "91.72",
        "77.596"
    ],
    [
        "197.661",
        "223.928",
        "241.683",
        "0",
        "110.162",
        "188.697",
        "241.15"
    ],
    [
        "277.729",
        "266.687",
        "247.478",
        "110.162",
        "0",
        "310.495",
        "154.039"
    ],
    [
        "87.743",
        "111.43",
        "91.72",
        "188.697",
        "310.495",
        "0",
        "79.401"
    ],
    [
        "80.763",
        "96.435",
        "77.596",
        "241.15",
        "154.039",
        "79.401",
        "0"
    ]
]