[
    [
        "0",
        "34.723",
        "10.555",
        "196.189",
        "261.973",
        "87.841",
        "80.84"
    ],
    [
        "34.723",
        "0",
        "19.095",
        "220.607",
        "269.591",
        "111.406",
        "96.442"
    ],
    [
        "10.555",
        "19.095",
        "0",
        "241.705",
        "247.181",
        "91.735",
        "77.582"
    ],
    [
        "196.189",
        "220.607",
        "241.705",
        "0",
        "107.272",
        "184.932",
        "254.137"
    ],
    [
        "261.973",
        "269.591",
        "247.181",
        "107.272",
        "0",
        "160.784",
        "153.756"
    ],
    [
        "87.841",
        "111.406",
        "91.735",
        "184.932",
        "160.784",
        "0",
        "79.322"
    ],
    [
        "80.84",
        "96.442",
        "77.582",
        "254.137",
        "153.756",
        "79.322",
        "0"
    ]
]