[
    [
        "0",
        "34.648",
        "10.413",
        "204.965",
        "266.89",
        "87.754",
        "80.881"
    ],
    [
        "34.648",
        "0",
        "19.07",
        "333.381",
        "267.137",
        "111.417",
        "96.471"
    ],
    [
        "10.413",
        "19.07",
        "0",
        "243.94",
        "259.265",
        "91.421",
        "77.734"
    ],
    [
        "204.965",
        "333.381",
        "243.94",
        "0",
        "107.022",
        "191.266",
        "241.923"
    ],
    [
        "266.89",
        "267.137",
        "259.265",
        "107.022",
        "0",
        "160.86",
        "153.819"
    ],
    [
        "87.754",
        "111.417",
        "91.421",
        "191.266",
        "160.86",
        "0",
        "79.365"
    ],
    [
        "80.881",
        "96.471",
        "77.734",
        "241.923",
        "153.819",
        "79.365",
        "0"
    ]
]