[
    [
        "0",
        "34.659",
        "10.528",
        "196.118",
        "262.107",
        "99.173",
        "104.796"
    ],
    [
        "34.659",
        "0",
        "19.094",
        "220.625",
        "269.64",
        "111.419",
        "96.498"
    ],
    [
        "10.528",
        "19.094",
        "0",
        "241.748",
        "247.108",
        "91.54",
        "77.531"
    ],
    [
        "196.118",
        "220.625",
        "241.748",
        "0",
        "106.578",
        "189.047",
        "254.128"
    ],
    [
        "262.107",
        "269.64",
        "247.108",
        "106.578",
        "0",
        "160.845",
        "153.721"
    ],
    [
        "99.173",
        "111.419",
        "91.54",
        "189.047",
        "160.845",
        "0",
        "79.298"
    ],
    [
        "104.796",
        "96.498",
        "77.531",
        "254.128",
        "153.721",
        "79.298",
        "0"
    ]
]