[
    [
        "0",
        "38.936",
        "10.771",
        "202.593",
        "262.883",
        "87.852",
        "84.367"
    ],
    [
        "38.936",
        "0",
        "19.79",
        "221.196",
        "270.441",
        "111.929",
        "96.949"
    ],
    [
        "10.771",
        "19.79",
        "0",
        "241.772",
        "246.68",
        "91.614",
        "77.53"
    ],
    [
        "202.593",
        "221.196",
        "241.772",
        "0",
        "106.248",
        "184.926",
        "215.374"
    ],
    [
        "262.883",
        "270.441",
        "246.68",
        "106.248",
        "0",
        "160.799",
        "153.73"
    ],
    [
        "87.852",
        "111.929",
        "91.614",
        "184.926",
        "160.799",
        "0",
        "74.964"
    ],
    [
        "84.367",
        "96.949",
        "77.53",
        "215.374",
        "153.73",
        "74.964",
        "0"
    ]
]