[
    [
        "0",
        "34.638",
        "10.615",
        "175.362",
        "262.133",
        "87.863",
        "80.815"
    ],
    [
        "34.638",
        "0",
        "19.227",
        "276.022",
        "267.108",
        "111.433",
        "96.478"
    ],
    [
        "10.615",
        "19.227",
        "0",
        "241.8",
        "247.034",
        "91.525",
        "77.707"
    ],
    [
        "175.362",
        "276.022",
        "241.8",
        "0",
        "106.121",
        "184.939",
        "249.267"
    ],
    [
        "262.133",
        "267.108",
        "247.034",
        "106.121",
        "0",
        "160.788",
        "153.752"
    ],
    [
        "87.863",
        "111.433",
        "91.525",
        "184.939",
        "160.788",
        "0",
        "74.568"
    ],
    [
        "80.815",
        "96.478",
        "77.707",
        "249.267",
        "153.752",
        "74.568",
        "0"
    ]
]