[
    [
        "0",
        "34.706",
        "10.506",
        "199.114",
        "266.955",
        "87.785",
        "80.723"
    ],
    [
        "34.706",
        "0",
        "19.149",
        "300.043",
        "269.733",
        "111.469",
        "96.459"
    ],
    [
        "10.506",
        "19.149",
        "0",
        "241.809",
        "246.99",
        "91.466",
        "77.628"
    ],
    [
        "199.114",
        "300.043",
        "241.809",
        "0",
        "106.868",
        "192.772",
        "254.06"
    ],
    [
        "266.955",
        "269.733",
        "246.99",
        "106.868",
        "0",
        "160.839",
        "153.85"
    ],
    [
        "87.785",
        "111.469",
        "91.466",
        "192.772",
        "160.839",
        "0",
        "79.661"
    ],
    [
        "80.723",
        "96.459",
        "77.628",
        "254.06",
        "153.85",
        "79.661",
        "0"
    ]
]