[
    [
        "0",
        "34.693",
        "10.519",
        "179.746",
        "245.067",
        "87.889",
        "80.867"
    ],
    [
        "34.693",
        "0",
        "19.072",
        "272.308",
        "267.197",
        "111.499",
        "96.444"
    ],
    [
        "10.519",
        "19.072",
        "0",
        "243.222",
        "261.183",
        "91.6",
        "77.637"
    ],
    [
        "179.746",
        "272.308",
        "243.222",
        "0",
        "153.728",
        "204.902",
        "247.282"
    ],
    [
        "245.067",
        "267.197",
        "261.183",
        "153.728",
        "0",
        "160.904",
        "154.249"
    ],
    [
        "87.889",
        "111.499",
        "91.6",
        "204.902",
        "160.904",
        "0",
        "79.835"
    ],
    [
        "80.867",
        "96.444",
        "77.637",
        "247.282",
        "154.249",
        "79.835",
        "0"
    ]
]