[
    [
        "0",
        "34.778",
        "10.553",
        "197.544",
        "277.77",
        "87.83",
        "80.791"
    ],
    [
        "34.778",
        "0",
        "19.085",
        "208.854",
        "266.767",
        "111.46",
        "96.46"
    ],
    [
        "10.553",
        "19.085",
        "0",
        "263.634",
        "247.539",
        "91.931",
        "77.554"
    ],
    [
        "197.544",
        "208.854",
        "263.634",
        "0",
        "106.326",
        "189.923",
        "234.199"
    ],
    [
        "277.77",
        "266.767",
        "247.539",
        "106.326",
        "0",
        "161.075",
        "161.443"
    ],
    [
        "87.83",
        "111.46",
        "91.931",
        "189.923",
        "161.075",
        "0",
        "77.711"
    ],
    [
        "80.791",
        "96.46",
        "77.554",
        "234.199",
        "161.443",
        "77.711",
        "0"
    ]
]