[
    [
        "0",
        "34.717",
        "10.62",
        "204.302",
        "262.889",
        "87.841",
        "80.737"
    ],
    [
        "34.717",
        "0",
        "19.054",
        "285.997",
        "270.035",
        "113.048",
        "96.424"
    ],
    [
        "10.62",
        "19.054",
        "0",
        "242.596",
        "248.508",
        "91.646",
        "77.557"
    ],
    [
        "204.302",
        "285.997",
        "242.596",
        "0",
        "113.049",
        "196.215",
        "249.791"
    ],
    [
        "262.889",
        "270.035",
        "248.508",
        "113.049",
        "0",
        "160.843",
        "153.741"
    ],
    [
        "87.841",
        "113.048",
        "91.646",
        "196.215",
        "160.843",
        "0",
        "74.492"
    ],
    [
        "80.737",
        "96.424",
        "77.557",
        "249.791",
        "153.741",
        "74.492",
        "0"
    ]
]