[
    [
        "0",
        "34.718",
        "10.406",
        "175.313",
        "291.05",
        "87.932",
        "80.885"
    ],
    [
        "34.718",
        "0",
        "19.007",
        "322.207",
        "267.997",
        "111.43",
        "97.132"
    ],
    [
        "10.406",
        "19.007",
        "0",
        "242.432",
        "261.201",
        "91.557",
        "77.585"
    ],
    [
        "175.313",
        "322.207",
        "242.432",
        "0",
        "113.79",
        "191.772",
        "245.308"
    ],
    [
        "291.05",
        "267.997",
        "261.201",
        "113.79",
        "0",
        "160.815",
        "153.966"
    ],
    [
        "87.932",
        "111.43",
        "91.557",
        "191.772",
        "160.815",
        "0",
        "79.376"
    ],
    [
        "80.885",
        "97.132",
        "77.585",
        "245.308",
        "153.966",
        "79.376",
        "0"
    ]
]