[
    [
        "0",
        "34.936",
        "10.498",
        "202.116",
        "240.08",
        "99.106",
        "80.944"
    ],
    [
        "34.936",
        "0",
        "19.022",
        "249.235",
        "267.787",
        "111.51",
        "96.435"
    ],
    [
        "10.498",
        "19.022",
        "0",
        "277.26",
        "248.629",
        "91.576",
        "77.762"
    ],
    [
        "202.116",
        "249.235",
        "277.26",
        "0",
        "106.915",
        "194.673",
        "232.592"
    ],
    [
        "240.08",
        "267.787",
        "248.629",
        "106.915",
        "0",
        "161.135",
        "151.34"
    ],
    [
        "99.106",
        "111.51",
        "91.576",
        "194.673",
        "161.135",
        "0",
        "79.914"
    ],
    [
        "80.944",
        "96.435",
        "77.762",
        "232.592",
        "151.34",
        "79.914",
        "0"
    ]
]