[
    [
        "0",
        "34.771",
        "10.332",
        "204.912",
        "267.184",
        "87.993",
        "80.824"
    ],
    [
        "34.771",
        "0",
        "19.135",
        "322.107",
        "267.11",
        "111.44",
        "96.484"
    ],
    [
        "10.332",
        "19.135",
        "0",
        "285.638",
        "247.084",
        "91.494",
        "77.572"
    ],
    [
        "204.912",
        "322.107",
        "285.638",
        "0",
        "110.362",
        "194.093",
        "254.666"
    ],
    [
        "267.184",
        "267.11",
        "247.084",
        "110.362",
        "0",
        "160.845",
        "153.79"
    ],
    [
        "87.993",
        "111.44",
        "91.494",
        "194.093",
        "160.845",
        "0",
        "79.83"
    ],
    [
        "80.824",
        "96.484",
        "77.572",
        "254.666",
        "153.79",
        "79.83",
        "0"
    ]
]