[
    [
        "0",
        "34.731",
        "10.634",
        "202.161",
        "255.072",
        "150.964",
        "80.871"
    ],
    [
        "34.731",
        "0",
        "19.045",
        "281.564",
        "267.18",
        "111.442",
        "100.519"
    ],
    [
        "10.634",
        "19.045",
        "0",
        "244.211",
        "261.156",
        "91.492",
        "77.547"
    ],
    [
        "202.161",
        "281.564",
        "244.211",
        "0",
        "106.231",
        "185.065",
        "245.083"
    ],
    [
        "255.072",
        "267.18",
        "261.156",
        "106.231",
        "0",
        "160.862",
        "153.895"
    ],
    [
        "150.964",
        "111.442",
        "91.492",
        "185.065",
        "160.862",
        "0",
        "79.337"
    ],
    [
        "80.871",
        "100.519",
        "77.547",
        "245.083",
        "153.895",
        "79.337",
        "0"
    ]
]