[
    [
        "0",
        "34.762",
        "10.435",
        "201.5",
        "262.105",
        "87.957",
        "80.834"
    ],
    [
        "34.762",
        "0",
        "19.087",
        "248.114",
        "266.287",
        "113.399",
        "96.41"
    ],
    [
        "10.435",
        "19.087",
        "0",
        "255.132",
        "247.141",
        "91.663",
        "77.723"
    ],
    [
        "201.5",
        "248.114",
        "255.132",
        "0",
        "107.805",
        "185.158",
        "250.381"
    ],
    [
        "262.105",
        "266.287",
        "247.141",
        "107.805",
        "0",
        "166.225",
        "153.752"
    ],
    [
        "87.957",
        "113.399",
        "91.663",
        "185.158",
        "166.225",
        "0",
        "75.598"
    ],
    [
        "80.834",
        "96.41",
        "77.723",
        "250.381",
        "153.752",
        "75.598",
        "0"
    ]
]