[
    [
        "0",
        "34.759",
        "10.419",
        "198.678",
        "266.958",
        "87.768",
        "80.685"
    ],
    [
        "34.759",
        "0",
        "19.064",
        "257.961",
        "269.626",
        "111.419",
        "96.467"
    ],
    [
        "10.419",
        "19.064",
        "0",
        "251.223",
        "248.68",
        "91.702",
        "77.498"
    ],
    [
        "198.678",
        "257.961",
        "251.223",
        "0",
        "108.143",
        "191.808",
        "298.721"
    ],
    [
        "266.958",
        "269.626",
        "248.68",
        "108.143",
        "0",
        "160.83",
        "154.137"
    ],
    [
        "87.768",
        "111.419",
        "91.702",
        "191.808",
        "160.83",
        "0",
        "79.731"
    ],
    [
        "80.685",
        "96.467",
        "77.498",
        "298.721",
        "154.137",
        "79.731",
        "0"
    ]
]