[
    [
        "0",
        "34.841",
        "10.833",
        "197.575",
        "277.939",
        "87.803",
        "80.856"
    ],
    [
        "34.841",
        "0",
        "19.059",
        "264.715",
        "263.393",
        "111.513",
        "96.498"
    ],
    [
        "10.833",
        "19.059",
        "0",
        "260.275",
        "247.658",
        "91.47",
        "77.709"
    ],
    [
        "197.575",
        "264.715",
        "260.275",
        "0",
        "106.15",
        "184.106",
        "242.437"
    ],
    [
        "277.939",
        "263.393",
        "247.658",
        "106.15",
        "0",
        "160.829",
        "161.381"
    ],
    [
        "87.803",
        "111.513",
        "91.47",
        "184.106",
        "160.829",
        "0",
        "79.273"
    ],
    [
        "80.856",
        "96.498",
        "77.709",
        "242.437",
        "161.381",
        "79.273",
        "0"
    ]
]