[
    [
        "0",
        "39.766",
        "19.133",
        "213.311",
        "268.427",
        "93.173",
        "87.359"
    ],
    [
        "39.766",
        "0",
        "19.199",
        "245.272",
        "267.128",
        "111.417",
        "97.077"
    ],
    [
        "19.133",
        "19.199",
        "0",
        "242.234",
        "246.736",
        "91.535",
        "77.61"
    ],
    [
        "213.311",
        "245.272",
        "242.234",
        "0",
        "107.082",
        "186.685",
        "254.512"
    ],
    [
        "268.427",
        "267.128",
        "246.736",
        "107.082",
        "0",
        "160.733",
        "153.717"
    ],
    [
        "93.173",
        "111.417",
        "91.535",
        "186.685",
        "160.733",
        "0",
        "79.716"
    ],
    [
        "87.359",
        "97.077",
        "77.61",
        "254.512",
        "153.717",
        "79.716",
        "0"
    ]
]