[
    [
        "0",
        "34.835",
        "10.535",
        "197.512",
        "277.796",
        "87.819",
        "80.814"
    ],
    [
        "34.835",
        "0",
        "19.034",
        "223.368",
        "272.323",
        "111.426",
        "96.464"
    ],
    [
        "10.535",
        "19.034",
        "0",
        "274.662",
        "247.658",
        "91.537",
        "77.56"
    ],
    [
        "197.512",
        "223.368",
        "274.662",
        "0",
        "106.204",
        "184.123",
        "243.593"
    ],
    [
        "277.796",
        "272.323",
        "247.658",
        "106.204",
        "0",
        "160.198",
        "161.869"
    ],
    [
        "87.819",
        "111.426",
        "91.537",
        "184.123",
        "160.198",
        "0",
        "78.023"
    ],
    [
        "80.814",
        "96.464",
        "77.56",
        "243.593",
        "161.869",
        "78.023",
        "0"
    ]
]