[
    [
        "0",
        "34.803",
        "10.725",
        "198.495",
        "262.963",
        "88.043",
        "80.84"
    ],
    [
        "34.803",
        "0",
        "19.131",
        "219.958",
        "267.126",
        "111.448",
        "97.111"
    ],
    [
        "10.725",
        "19.131",
        "0",
        "241.833",
        "246.722",
        "91.479",
        "77.577"
    ],
    [
        "198.495",
        "219.958",
        "241.833",
        "0",
        "106.124",
        "184.906",
        "254.015"
    ],
    [
        "262.963",
        "267.126",
        "246.722",
        "106.124",
        "0",
        "164.023",
        "153.748"
    ],
    [
        "88.043",
        "111.448",
        "91.479",
        "184.906",
        "164.023",
        "0",
        "79.226"
    ],
    [
        "80.84",
        "97.111",
        "77.577",
        "254.015",
        "153.748",
        "79.226",
        "0"
    ]
]