[
    [
        "0",
        "34.833",
        "10.419",
        "179.796",
        "266.832",
        "87.902",
        "80.903"
    ],
    [
        "34.833",
        "0",
        "19.23",
        "270.514",
        "264.331",
        "111.46",
        "101.246"
    ],
    [
        "10.419",
        "19.23",
        "0",
        "242.798",
        "261.193",
        "91.522",
        "77.635"
    ],
    [
        "179.796",
        "270.514",
        "242.798",
        "0",
        "188.951",
        "196.306",
        "246.239"
    ],
    [
        "266.832",
        "264.331",
        "261.193",
        "188.951",
        "0",
        "160.873",
        "153.996"
    ],
    [
        "87.902",
        "111.46",
        "91.522",
        "196.306",
        "160.873",
        "0",
        "79.619"
    ],
    [
        "80.903",
        "101.246",
        "77.635",
        "246.239",
        "153.996",
        "79.619",
        "0"
    ]
]