[
    [
        "0",
        "35.177",
        "10.542",
        "203.179",
        "281.563",
        "87.774",
        "80.863"
    ],
    [
        "35.177",
        "0",
        "19.199",
        "267.458",
        "270.319",
        "111.415",
        "96.429"
    ],
    [
        "10.542",
        "19.199",
        "0",
        "285.729",
        "246.641",
        "91.452",
        "77.82"
    ],
    [
        "203.179",
        "267.458",
        "285.729",
        "0",
        "107.778",
        "202.797",
        "271.094"
    ],
    [
        "281.563",
        "270.319",
        "246.641",
        "107.778",
        "0",
        "257.42",
        "153.732"
    ],
    [
        "87.774",
        "111.415",
        "91.452",
        "202.797",
        "257.42",
        "0",
        "81.431"
    ],
    [
        "80.863",
        "96.429",
        "77.82",
        "271.094",
        "153.732",
        "81.431",
        "0"
    ]
]