[
    [
        "0",
        "34.678",
        "10.581",
        "203.32",
        "266.992",
        "87.759",
        "80.822"
    ],
    [
        "34.678",
        "0",
        "19.154",
        "280.219",
        "269.663",
        "111.427",
        "96.477"
    ],
    [
        "10.581",
        "19.154",
        "0",
        "241.881",
        "259.535",
        "91.501",
        "77.579"
    ],
    [
        "203.32",
        "280.219",
        "241.881",
        "0",
        "106.182",
        "184.96",
        "241.387"
    ],
    [
        "266.992",
        "269.663",
        "259.535",
        "106.182",
        "0",
        "160.858",
        "153.755"
    ],
    [
        "87.759",
        "111.427",
        "91.501",
        "184.96",
        "160.858",
        "0",
        "79.326"
    ],
    [
        "80.822",
        "96.477",
        "77.579",
        "241.387",
        "153.755",
        "79.326",
        "0"
    ]
]