[
    [
        "0",
        "35.358",
        "10.728",
        "198.084",
        "262.977",
        "87.872",
        "80.868"
    ],
    [
        "35.358",
        "0",
        "19.145",
        "315.772",
        "270.521",
        "111.444",
        "96.467"
    ],
    [
        "10.728",
        "19.145",
        "0",
        "270.117",
        "246.717",
        "91.567",
        "77.587"
    ],
    [
        "198.084",
        "315.772",
        "270.117",
        "0",
        "106.239",
        "184.925",
        "249.247"
    ],
    [
        "262.977",
        "270.521",
        "246.717",
        "106.239",
        "0",
        "160.855",
        "153.761"
    ],
    [
        "87.872",
        "111.444",
        "91.567",
        "184.925",
        "160.855",
        "0",
        "74.476"
    ],
    [
        "80.868",
        "96.467",
        "77.587",
        "249.247",
        "153.761",
        "74.476",
        "0"
    ]
]