[
    [
        "0",
        "34.793",
        "10.41",
        "174.013",
        "255.033",
        "87.761",
        "80.87"
    ],
    [
        "34.793",
        "0",
        "19.061",
        "279.096",
        "274.976",
        "111.408",
        "96.423"
    ],
    [
        "10.41",
        "19.061",
        "0",
        "242.5",
        "259.127",
        "91.493",
        "77.585"
    ],
    [
        "174.013",
        "279.096",
        "242.5",
        "0",
        "106.299",
        "192.157",
        "245.682"
    ],
    [
        "255.033",
        "274.976",
        "259.127",
        "106.299",
        "0",
        "160.868",
        "153.959"
    ],
    [
        "87.761",
        "111.408",
        "91.493",
        "192.157",
        "160.868",
        "0",
        "79.311"
    ],
    [
        "80.87",
        "96.423",
        "77.585",
        "245.682",
        "153.959",
        "79.311",
        "0"
    ]
]