[
    [
        "0",
        "34.764",
        "10.623",
        "198.375",
        "263.132",
        "88.04",
        "80.915"
    ],
    [
        "34.764",
        "0",
        "19.055",
        "223.094",
        "270.715",
        "111.385",
        "96.504"
    ],
    [
        "10.623",
        "19.055",
        "0",
        "241.894",
        "246.659",
        "91.614",
        "77.608"
    ],
    [
        "198.375",
        "223.094",
        "241.894",
        "0",
        "106.331",
        "191.07",
        "249.82"
    ],
    [
        "263.132",
        "270.715",
        "246.659",
        "106.331",
        "0",
        "160.782",
        "153.69"
    ],
    [
        "88.04",
        "111.385",
        "91.614",
        "191.07",
        "160.782",
        "0",
        "74.954"
    ],
    [
        "80.915",
        "96.504",
        "77.608",
        "249.82",
        "153.69",
        "74.954",
        "0"
    ]
]