[
    [
        "0",
        "34.745",
        "10.399",
        "202.881",
        "266.96",
        "87.837",
        "80.801"
    ],
    [
        "34.745",
        "0",
        "19.091",
        "318.021",
        "266.842",
        "111.417",
        "96.496"
    ],
    [
        "10.399",
        "19.091",
        "0",
        "271.978",
        "259.212",
        "91.496",
        "77.521"
    ],
    [
        "202.881",
        "318.021",
        "271.978",
        "0",
        "107.917",
        "190.374",
        "246.908"
    ],
    [
        "266.96",
        "266.842",
        "259.212",
        "107.917",
        "0",
        "160.795",
        "154.587"
    ],
    [
        "87.837",
        "111.417",
        "91.496",
        "190.374",
        "160.795",
        "0",
        "86.764"
    ],
    [
        "80.801",
        "96.496",
        "77.521",
        "246.908",
        "154.587",
        "86.764",
        "0"
    ]
]