[
    [
        "0",
        "34.758",
        "10.461",
        "202.959",
        "267.001",
        "87.72",
        "80.851"
    ],
    [
        "34.758",
        "0",
        "19.127",
        "267.113",
        "264.156",
        "111.485",
        "96.44"
    ],
    [
        "10.461",
        "19.127",
        "0",
        "270.199",
        "246.703",
        "91.529",
        "77.752"
    ],
    [
        "202.959",
        "267.113",
        "270.199",
        "0",
        "115.717",
        "217.136",
        "270.99"
    ],
    [
        "267.001",
        "264.156",
        "246.703",
        "115.717",
        "0",
        "161.356",
        "153.778"
    ],
    [
        "87.72",
        "111.485",
        "91.529",
        "217.136",
        "161.356",
        "0",
        "79.198"
    ],
    [
        "80.851",
        "96.44",
        "77.752",
        "270.99",
        "153.778",
        "79.198",
        "0"
    ]
]