[
    [
        "0",
        "34.698",
        "10.574",
        "204.635",
        "268.294",
        "87.811",
        "80.78"
    ],
    [
        "34.698",
        "0",
        "19.017",
        "305.233",
        "269.521",
        "112.761",
        "96.399"
    ],
    [
        "10.574",
        "19.017",
        "0",
        "242.14",
        "248.106",
        "91.613",
        "77.571"
    ],
    [
        "204.635",
        "305.233",
        "242.14",
        "0",
        "131.206",
        "195.46",
        "240.529"
    ],
    [
        "268.294",
        "269.521",
        "248.106",
        "131.206",
        "0",
        "160.876",
        "153.903"
    ],
    [
        "87.811",
        "112.761",
        "91.613",
        "195.46",
        "160.876",
        "0",
        "76.44"
    ],
    [
        "80.78",
        "96.399",
        "77.571",
        "240.529",
        "153.903",
        "76.44",
        "0"
    ]
]