[
    [
        "0",
        "34.656",
        "10.705",
        "204.465",
        "270.884",
        "87.825",
        "84.292"
    ],
    [
        "34.656",
        "0",
        "19.085",
        "272.09",
        "266.834",
        "111.479",
        "96.5"
    ],
    [
        "10.705",
        "19.085",
        "0",
        "251.79",
        "268.802",
        "101.828",
        "89.646"
    ],
    [
        "204.465",
        "272.09",
        "251.79",
        "0",
        "107.619",
        "190.704",
        "254.561"
    ],
    [
        "270.884",
        "266.834",
        "268.802",
        "107.619",
        "0",
        "160.776",
        "153.88"
    ],
    [
        "87.825",
        "111.479",
        "101.828",
        "190.704",
        "160.776",
        "0",
        "79.703"
    ],
    [
        "84.292",
        "96.5",
        "89.646",
        "254.561",
        "153.88",
        "79.703",
        "0"
    ]
]