[
    [
        "0",
        "34.733",
        "10.383",
        "207.677",
        "277.728",
        "87.799",
        "80.819"
    ],
    [
        "34.733",
        "0",
        "19.192",
        "264.713",
        "272.529",
        "113.971",
        "96.506"
    ],
    [
        "10.383",
        "19.192",
        "0",
        "270.397",
        "247.638",
        "91.834",
        "77.82"
    ],
    [
        "207.677",
        "264.713",
        "270.397",
        "0",
        "139.89",
        "199.118",
        "236.516"
    ],
    [
        "277.728",
        "272.529",
        "247.638",
        "139.89",
        "0",
        "167.758",
        "163.84"
    ],
    [
        "87.799",
        "113.971",
        "91.834",
        "199.118",
        "167.758",
        "0",
        "75.848"
    ],
    [
        "80.819",
        "96.506",
        "77.82",
        "236.516",
        "163.84",
        "75.848",
        "0"
    ]
]