[
    [
        "0",
        "34.869",
        "10.484",
        "171.374",
        "277.889",
        "87.844",
        "80.886"
    ],
    [
        "34.869",
        "0",
        "19.136",
        "260.495",
        "266.852",
        "111.447",
        "96.471"
    ],
    [
        "10.484",
        "19.136",
        "0",
        "274.936",
        "247.723",
        "91.741",
        "77.599"
    ],
    [
        "171.374",
        "260.495",
        "274.936",
        "0",
        "115.941",
        "197.802",
        "210.551"
    ],
    [
        "277.889",
        "266.852",
        "247.723",
        "115.941",
        "0",
        "160.231",
        "166.889"
    ],
    [
        "87.844",
        "111.447",
        "91.741",
        "197.802",
        "160.231",
        "0",
        "79.532"
    ],
    [
        "80.886",
        "96.471",
        "77.599",
        "210.551",
        "166.889",
        "79.532",
        "0"
    ]
]