[
    [
        "0",
        "34.708",
        "10.513",
        "198.767",
        "266.906",
        "87.891",
        "80.647"
    ],
    [
        "34.708",
        "0",
        "19.034",
        "279.229",
        "269.499",
        "111.425",
        "96.521"
    ],
    [
        "10.513",
        "19.034",
        "0",
        "242.116",
        "259.207",
        "91.624",
        "77.531"
    ],
    [
        "198.767",
        "279.229",
        "242.116",
        "0",
        "106.21",
        "184.921",
        "253.029"
    ],
    [
        "266.906",
        "269.499",
        "259.207",
        "106.21",
        "0",
        "160.775",
        "153.798"
    ],
    [
        "87.891",
        "111.425",
        "91.624",
        "184.921",
        "160.775",
        "0",
        "79.176"
    ],
    [
        "80.647",
        "96.521",
        "77.531",
        "253.029",
        "153.798",
        "79.176",
        "0"
    ]
]