[
    [
        "0",
        "35.579",
        "10.469",
        "207.15",
        "281.407",
        "87.857",
        "80.93"
    ],
    [
        "35.579",
        "0",
        "19.176",
        "229.837",
        "266.57",
        "111.468",
        "96.5"
    ],
    [
        "10.469",
        "19.176",
        "0",
        "287.756",
        "246.741",
        "91.521",
        "77.702"
    ],
    [
        "207.15",
        "229.837",
        "287.756",
        "0",
        "112.368",
        "204.681",
        "283.117"
    ],
    [
        "281.407",
        "266.57",
        "246.741",
        "112.368",
        "0",
        "266.899",
        "153.724"
    ],
    [
        "87.857",
        "111.468",
        "91.521",
        "204.681",
        "266.899",
        "0",
        "82.71"
    ],
    [
        "80.93",
        "96.5",
        "77.702",
        "283.117",
        "153.724",
        "82.71",
        "0"
    ]
]