[
    [
        "0",
        "34.768",
        "10.62",
        "202.787",
        "266.96",
        "87.77",
        "80.767"
    ],
    [
        "34.768",
        "0",
        "19.479",
        "284.645",
        "273.095",
        "111.475",
        "96.488"
    ],
    [
        "10.62",
        "19.479",
        "0",
        "243.112",
        "259.327",
        "91.502",
        "77.633"
    ],
    [
        "202.787",
        "284.645",
        "243.112",
        "0",
        "106.309",
        "184.982",
        "243.409"
    ],
    [
        "266.96",
        "273.095",
        "259.327",
        "106.309",
        "0",
        "160.846",
        "154.135"
    ],
    [
        "87.77",
        "111.475",
        "91.502",
        "184.982",
        "160.846",
        "0",
        "80.188"
    ],
    [
        "80.767",
        "96.488",
        "77.633",
        "243.409",
        "154.135",
        "80.188",
        "0"
    ]
]