[
    [
        "0",
        "34.715",
        "10.648",
        "203.983",
        "262.892",
        "87.808",
        "80.758"
    ],
    [
        "34.715",
        "0",
        "19.042",
        "286.461",
        "269.637",
        "111.685",
        "96.465"
    ],
    [
        "10.648",
        "19.042",
        "0",
        "242.204",
        "246.658",
        "91.417",
        "77.555"
    ],
    [
        "203.983",
        "286.461",
        "242.204",
        "0",
        "107.318",
        "197.622",
        "267.084"
    ],
    [
        "262.892",
        "269.637",
        "246.658",
        "107.318",
        "0",
        "156.64",
        "153.963"
    ],
    [
        "87.808",
        "111.685",
        "91.417",
        "197.622",
        "156.64",
        "0",
        "79.763"
    ],
    [
        "80.758",
        "96.465",
        "77.555",
        "267.084",
        "153.963",
        "79.763",
        "0"
    ]
]