[
    [
        "0",
        "34.725",
        "10.421",
        "208.728",
        "261.964",
        "99.113",
        "80.771"
    ],
    [
        "34.725",
        "0",
        "19.046",
        "326.893",
        "269.832",
        "111.396",
        "96.409"
    ],
    [
        "10.421",
        "19.046",
        "0",
        "241.831",
        "248.641",
        "93.271",
        "77.719"
    ],
    [
        "208.728",
        "326.893",
        "241.831",
        "0",
        "106.939",
        "194.364",
        "232.583"
    ],
    [
        "261.964",
        "269.832",
        "248.641",
        "106.939",
        "0",
        "161.115",
        "151.129"
    ],
    [
        "99.113",
        "111.396",
        "93.271",
        "194.364",
        "161.115",
        "0",
        "78.796"
    ],
    [
        "80.771",
        "96.409",
        "77.719",
        "232.583",
        "151.129",
        "78.796",
        "0"
    ]
]