[
    [
        "0",
        "34.732",
        "10.466",
        "200.647",
        "277.876",
        "87.703",
        "80.746"
    ],
    [
        "34.732",
        "0",
        "19.303",
        "226.846",
        "272.847",
        "111.623",
        "96.482"
    ],
    [
        "10.466",
        "19.303",
        "0",
        "260.815",
        "247.909",
        "91.721",
        "77.791"
    ],
    [
        "200.647",
        "226.846",
        "260.815",
        "0",
        "129.804",
        "193.974",
        "242.261"
    ],
    [
        "277.876",
        "272.847",
        "247.909",
        "129.804",
        "0",
        "160.288",
        "161.539"
    ],
    [
        "87.703",
        "111.623",
        "91.721",
        "193.974",
        "160.288",
        "0",
        "75.169"
    ],
    [
        "80.746",
        "96.482",
        "77.791",
        "242.261",
        "161.539",
        "75.169",
        "0"
    ]
]