[
    [
        "0.0",
        "170.5",
        "52.9",
        "155.7",
        "108.3",
        "139.2",
        "147.8"
    ],
    [
        "170.5",
        "0.0",
        "203.5",
        "37.9",
        "71.4",
        "95.1",
        "173.2"
    ],
    [
        "52.9",
        "203.5",
        "0.0",
        "185.0",
        "133.7",
        "189.6",
        "90.4"
    ],
    [
        "155.7",
        "37.9",
        "185.0",
        "0.0",
        "53.7",
        "129.3",
        "210.1"
    ],
    [
        "108.3",
        "71.4",
        "133.7",
        "53.7",
        "0.0",
        "129.3",
        "210.5"
    ],
    [
        "139.2",
        "95.1",
        "189.6",
        "129.3",
        "129.3",
        "0.0",
        "265.9"
    ],
    [
        "147.8",
        "173.2",
        "90.4",
        "210.1",
        "210.5",
        "265.9",
        "0.0"
    ]
]