[
    [
        "0.0",
        "169.7",
        "52.2",
        "155.1",
        "107.5",
        "138.8",
        "147.2"
    ],
    [
        "169.7",
        "0.0",
        "201.9",
        "36.7",
        "70.3",
        "94.3",
        "171.3"
    ],
    [
        "52.2",
        "201.9",
        "0.0",
        "183.5",
        "132.4",
        "188.2",
        "88.8"
    ],
    [
        "155.1",
        "36.7",
        "183.5",
        "0.0",
        "52.6",
        "128.0",
        "208.6"
    ],
    [
        "107.5",
        "70.3",
        "132.4",
        "52.6",
        "0.0",
        "128.0",
        "209.7"
    ],
    [
        "138.8",
        "94.3",
        "188.2",
        "128.0",
        "128.0",
        "0.0",
        "265.2"
    ],
    [
        "147.2",
        "171.3",
        "88.8",
        "208.6",
        "209.7",
        "265.2",
        "0.0"
    ]
]