[
    [
        "0.0",
        "169.9",
        "52.5",
        "155.4",
        "107.9",
        "139.0",
        "147.5"
    ],
    [
        "169.9",
        "0.0",
        "202.7",
        "37.0",
        "70.6",
        "94.5",
        "172.0"
    ],
    [
        "52.5",
        "202.7",
        "0.0",
        "184.1",
        "132.7",
        "188.3",
        "89.2"
    ],
    [
        "155.4",
        "37.0",
        "184.1",
        "0.0",
        "52.9",
        "128.4",
        "209.0"
    ],
    [
        "107.9",
        "70.6",
        "132.7",
        "52.9",
        "0.0",
        "128.4",
        "209.9"
    ],
    [
        "139.0",
        "94.5",
        "188.3",
        "128.4",
        "128.4",
        "0.0",
        "265.5"
    ],
    [
        "147.5",
        "172.0",
        "89.2",
        "209.0",
        "209.9",
        "265.5",
        "0.0"
    ]
]