[
    [
        "0.0",
        "171.2",
        "53.1",
        "155.9",
        "108.4",
        "139.4",
        "148.0"
    ],
    [
        "171.2",
        "0.0",
        "203.9",
        "38.7",
        "72.0",
        "95.7",
        "173.8"
    ],
    [
        "53.1",
        "203.9",
        "0.0",
        "185.6",
        "135.0",
        "191.5",
        "91.7"
    ],
    [
        "155.9",
        "38.7",
        "185.6",
        "0.0",
        "54.4",
        "130.0",
        "211.0"
    ],
    [
        "108.4",
        "72.0",
        "135.0",
        "54.4",
        "0.0",
        "130.0",
        "211.1"
    ],
    [
        "139.4",
        "95.7",
        "191.5",
        "130.0",
        "130.0",
        "0.0",
        "266.1"
    ],
    [
        "148.0",
        "173.8",
        "91.7",
        "211.0",
        "211.1",
        "266.1",
        "0.0"
    ]
]