[
    [
        "0.0",
        "170.8",
        "53.0",
        "155.8",
        "108.4",
        "139.3",
        "147.9"
    ],
    [
        "170.8",
        "0.0",
        "203.7",
        "38.3",
        "71.7",
        "95.4",
        "173.5"
    ],
    [
        "53.0",
        "203.7",
        "0.0",
        "185.3",
        "134.3",
        "190.4",
        "91.0"
    ],
    [
        "155.8",
        "38.3",
        "185.3",
        "0.0",
        "54.0",
        "129.7",
        "210.5"
    ],
    [
        "108.4",
        "71.7",
        "134.3",
        "54.0",
        "0.0",
        "129.7",
        "210.7"
    ],
    [
        "139.3",
        "95.4",
        "190.4",
        "129.7",
        "129.7",
        "0.0",
        "266.0"
    ],
    [
        "147.9",
        "173.5",
        "91.0",
        "210.5",
        "210.7",
        "266.0",
        "0.0"
    ]
]