[
    [
        "0.0",
        "171.9",
        "53.5",
        "156.1",
        "108.6",
        "139.7",
        "148.2"
    ],
    [
        "171.9",
        "0.0",
        "204.5",
        "39.2",
        "72.7",
        "96.2",
        "174.5"
    ],
    [
        "53.5",
        "204.5",
        "0.0",
        "186.8",
        "136.4",
        "193.0",
        "93.0"
    ],
    [
        "156.1",
        "39.2",
        "186.8",
        "0.0",
        "54.8",
        "130.6",
        "211.9"
    ],
    [
        "108.6",
        "72.7",
        "136.4",
        "54.8",
        "0.0",
        "130.6",
        "211.6"
    ],
    [
        "139.7",
        "96.2",
        "193.0",
        "130.6",
        "130.6",
        "0.0",
        "266.4"
    ],
    [
        "148.2",
        "174.5",
        "93.0",
        "211.9",
        "211.6",
        "266.4",
        "0.0"
    ]
]