[
    [
        "0.0",
        "171.5",
        "53.3",
        "156.0",
        "108.5",
        "139.6",
        "148.0"
    ],
    [
        "171.5",
        "0.0",
        "204.2",
        "39.0",
        "72.3",
        "95.9",
        "174.2"
    ],
    [
        "53.3",
        "204.2",
        "0.0",
        "186.0",
        "135.6",
        "192.3",
        "92.2"
    ],
    [
        "156.0",
        "39.0",
        "186.0",
        "0.0",
        "54.6",
        "130.3",
        "211.4"
    ],
    [
        "108.5",
        "72.3",
        "135.6",
        "54.6",
        "0.0",
        "130.3",
        "211.3"
    ],
    [
        "139.6",
        "95.9",
        "192.3",
        "130.3",
        "130.3",
        "0.0",
        "266.2"
    ],
    [
        "148.0",
        "174.2",
        "92.2",
        "211.4",
        "211.3",
        "266.2",
        "0.0"
    ]
]