[
    [
        "0.0",
        "169.4",
        "51.6",
        "151.8",
        "107.0",
        "138.1",
        "146.6"
    ],
    [
        "169.4",
        "0.0",
        "199.2",
        "34.6",
        "69.9",
        "93.7",
        "170.4"
    ],
    [
        "51.6",
        "199.2",
        "0.0",
        "181.2",
        "131.6",
        "187.8",
        "87.6"
    ],
    [
        "151.8",
        "34.6",
        "181.2",
        "0.0",
        "52.4",
        "127.3",
        "204.6"
    ],
    [
        "107.0",
        "69.9",
        "131.6",
        "52.4",
        "0.0",
        "127.3",
        "209.1"
    ],
    [
        "138.1",
        "93.7",
        "187.8",
        "127.3",
        "127.3",
        "0.0",
        "264.8"
    ],
    [
        "146.6",
        "170.4",
        "87.6",
        "204.6",
        "209.1",
        "264.8",
        "0.0"
    ]
]