[
    [
        "0.0",
        "169.4",
        "51.5",
        "151.5",
        "106.9",
        "138.1",
        "146.6"
    ],
    [
        "169.4",
        "0.0",
        "199.0",
        "34.4",
        "69.9",
        "93.7",
        "170.3"
    ],
    [
        "51.5",
        "199.0",
        "0.0",
        "181.0",
        "131.5",
        "187.7",
        "87.5"
    ],
    [
        "151.5",
        "34.4",
        "181.0",
        "0.0",
        "52.4",
        "127.2",
        "204.3"
    ],
    [
        "106.9",
        "69.9",
        "131.5",
        "52.4",
        "0.0",
        "127.2",
        "209.1"
    ],
    [
        "138.1",
        "93.7",
        "187.7",
        "127.2",
        "127.2",
        "0.0",
        "264.8"
    ],
    [
        "146.6",
        "170.3",
        "87.5",
        "204.3",
        "209.1",
        "264.8",
        "0.0"
    ]
]