[
    [
        "0.0",
        "169.5",
        "51.9",
        "154.5",
        "107.3",
        "138.7",
        "147.0"
    ],
    [
        "169.5",
        "0.0",
        "201.2",
        "36.1",
        "70.1",
        "94.1",
        "170.9"
    ],
    [
        "51.9",
        "201.2",
        "0.0",
        "182.8",
        "132.1",
        "188.0",
        "88.4"
    ],
    [
        "154.5",
        "36.1",
        "182.8",
        "0.0",
        "52.5",
        "127.8",
        "207.7"
    ],
    [
        "107.3",
        "70.1",
        "132.1",
        "52.5",
        "0.0",
        "127.8",
        "209.5"
    ],
    [
        "138.7",
        "94.1",
        "188.0",
        "127.8",
        "127.8",
        "0.0",
        "265.1"
    ],
    [
        "147.0",
        "170.9",
        "88.4",
        "207.7",
        "209.5",
        "265.1",
        "0.0"
    ]
]