[
    [
        "0.0",
        "171.7",
        "53.4",
        "156.0",
        "108.6",
        "139.6",
        "148.1"
    ],
    [
        "171.7",
        "0.0",
        "204.3",
        "39.1",
        "72.5",
        "96.1",
        "174.3"
    ],
    [
        "53.4",
        "204.3",
        "0.0",
        "186.2",
        "136.0",
        "192.7",
        "92.6"
    ],
    [
        "156.0",
        "39.1",
        "186.2",
        "0.0",
        "54.7",
        "130.5",
        "211.7"
    ],
    [
        "108.6",
        "72.5",
        "136.0",
        "54.7",
        "0.0",
        "130.5",
        "211.5"
    ],
    [
        "139.6",
        "96.1",
        "192.7",
        "130.5",
        "130.5",
        "0.0",
        "266.3"
    ],
    [
        "148.1",
        "174.3",
        "92.6",
        "211.7",
        "211.5",
        "266.3",
        "0.0"
    ]
]