[
    [
        "0.0",
        "172.3",
        "54.1",
        "156.4",
        "108.7",
        "139.9",
        "148.6"
    ],
    [
        "172.3",
        "0.0",
        "205.0",
        "39.5",
        "73.3",
        "96.5",
        "174.9"
    ],
    [
        "54.1",
        "205.0",
        "0.0",
        "188.6",
        "137.5",
        "193.9",
        "94.0"
    ],
    [
        "156.4",
        "39.5",
        "188.6",
        "0.0",
        "55.0",
        "130.9",
        "212.5"
    ],
    [
        "108.7",
        "73.3",
        "137.5",
        "55.0",
        "0.0",
        "130.9",
        "211.9"
    ],
    [
        "139.9",
        "96.5",
        "193.9",
        "130.9",
        "130.9",
        "0.0",
        "266.7"
    ],
    [
        "148.6",
        "174.9",
        "94.0",
        "212.5",
        "211.9",
        "266.7",
        "0.0"
    ]
]