[
    [
        "0.0",
        "169.5",
        "51.9",
        "154.3",
        "107.2",
        "138.6",
        "147.0"
    ],
    [
        "169.5",
        "0.0",
        "201.1",
        "36.0",
        "70.1",
        "94.1",
        "170.8"
    ],
    [
        "51.9",
        "201.1",
        "0.0",
        "182.7",
        "132.0",
        "188.0",
        "88.3"
    ],
    [
        "154.3",
        "36.0",
        "182.7",
        "0.0",
        "52.5",
        "127.7",
        "207.5"
    ],
    [
        "107.2",
        "70.1",
        "132.0",
        "52.5",
        "0.0",
        "127.7",
        "209.5"
    ],
    [
        "138.6",
        "94.1",
        "188.0",
        "127.7",
        "127.7",
        "0.0",
        "265.1"
    ],
    [
        "147.0",
        "170.8",
        "88.3",
        "207.5",
        "209.5",
        "265.1",
        "0.0"
    ]
]