[
    [
        "0.0",
        "171.0",
        "53.1",
        "155.9",
        "108.4",
        "139.4",
        "147.9"
    ],
    [
        "171.0",
        "0.0",
        "203.8",
        "38.5",
        "71.8",
        "95.5",
        "173.7"
    ],
    [
        "53.1",
        "203.8",
        "0.0",
        "185.5",
        "134.7",
        "191.0",
        "91.3"
    ],
    [
        "155.9",
        "38.5",
        "185.5",
        "0.0",
        "54.2",
        "129.9",
        "210.8"
    ],
    [
        "108.4",
        "71.8",
        "134.7",
        "54.2",
        "0.0",
        "129.9",
        "210.9"
    ],
    [
        "139.4",
        "95.5",
        "191.0",
        "129.9",
        "129.9",
        "0.0",
        "266.0"
    ],
    [
        "147.9",
        "173.7",
        "91.3",
        "210.8",
        "210.9",
        "266.0",
        "0.0"
    ]
]