[
    [
        "0.0",
        "169.4",
        "51.7",
        "152.5",
        "107.0",
        "138.3",
        "146.7"
    ],
    [
        "169.4",
        "0.0",
        "199.8",
        "35.0",
        "70.0",
        "93.8",
        "170.5"
    ],
    [
        "51.7",
        "199.8",
        "0.0",
        "181.6",
        "131.7",
        "187.8",
        "87.8"
    ],
    [
        "152.5",
        "35.0",
        "181.6",
        "0.0",
        "52.4",
        "127.4",
        "205.4"
    ],
    [
        "107.0",
        "70.0",
        "131.7",
        "52.4",
        "0.0",
        "127.4",
        "209.3"
    ],
    [
        "138.3",
        "93.8",
        "187.8",
        "127.4",
        "127.4",
        "0.0",
        "264.9"
    ],
    [
        "146.7",
        "170.5",
        "87.8",
        "205.4",
        "209.3",
        "264.9",
        "0.0"
    ]
]