[
    [
        "0.0",
        "171.8",
        "53.5",
        "156.1",
        "108.6",
        "139.7",
        "148.2"
    ],
    [
        "171.8",
        "0.0",
        "204.4",
        "39.2",
        "72.6",
        "96.2",
        "174.5"
    ],
    [
        "53.5",
        "204.4",
        "0.0",
        "186.5",
        "136.3",
        "192.9",
        "92.8"
    ],
    [
        "156.1",
        "39.2",
        "186.5",
        "0.0",
        "54.8",
        "130.6",
        "211.8"
    ],
    [
        "108.6",
        "72.6",
        "136.3",
        "54.8",
        "0.0",
        "130.6",
        "211.6"
    ],
    [
        "139.7",
        "96.2",
        "192.9",
        "130.6",
        "130.6",
        "0.0",
        "266.3"
    ],
    [
        "148.2",
        "174.5",
        "92.8",
        "211.8",
        "211.6",
        "266.3",
        "0.0"
    ]
]