[
    [
        "0.0",
        "171.1",
        "53.1",
        "155.9",
        "108.4",
        "139.4",
        "147.9"
    ],
    [
        "171.1",
        "0.0",
        "203.9",
        "38.6",
        "71.9",
        "95.6",
        "173.8"
    ],
    [
        "53.1",
        "203.9",
        "0.0",
        "185.6",
        "134.9",
        "191.3",
        "91.5"
    ],
    [
        "155.9",
        "38.6",
        "185.6",
        "0.0",
        "54.3",
        "130.0",
        "210.9"
    ],
    [
        "108.4",
        "71.9",
        "134.9",
        "54.3",
        "0.0",
        "130.0",
        "211.0"
    ],
    [
        "139.4",
        "95.6",
        "191.3",
        "130.0",
        "130.0",
        "0.0",
        "266.1"
    ],
    [
        "147.9",
        "173.8",
        "91.5",
        "210.9",
        "211.0",
        "266.1",
        "0.0"
    ]
]