[
    [
        "0.0",
        "169.7",
        "52.2",
        "155.2",
        "107.6",
        "138.9",
        "147.3"
    ],
    [
        "169.7",
        "0.0",
        "202.2",
        "36.8",
        "70.4",
        "94.4",
        "171.4"
    ],
    [
        "52.2",
        "202.2",
        "0.0",
        "183.7",
        "132.4",
        "188.2",
        "88.9"
    ],
    [
        "155.2",
        "36.8",
        "183.7",
        "0.0",
        "52.7",
        "128.1",
        "208.7"
    ],
    [
        "107.6",
        "70.4",
        "132.4",
        "52.7",
        "0.0",
        "128.1",
        "209.8"
    ],
    [
        "138.9",
        "94.4",
        "188.2",
        "128.1",
        "128.1",
        "0.0",
        "265.3"
    ],
    [
        "147.3",
        "171.4",
        "88.9",
        "208.7",
        "209.8",
        "265.3",
        "0.0"
    ]
]