[
    [
        "0.0",
        "169.4",
        "51.5",
        "151.3",
        "106.9",
        "138.0",
        "146.5"
    ],
    [
        "169.4",
        "0.0",
        "198.8",
        "34.2",
        "69.9",
        "93.6",
        "170.3"
    ],
    [
        "51.5",
        "198.8",
        "0.0",
        "180.8",
        "131.4",
        "187.7",
        "87.4"
    ],
    [
        "151.3",
        "34.2",
        "180.8",
        "0.0",
        "52.4",
        "127.2",
        "203.9"
    ],
    [
        "106.9",
        "69.9",
        "131.4",
        "52.4",
        "0.0",
        "127.2",
        "209.1"
    ],
    [
        "138.0",
        "93.6",
        "187.7",
        "127.2",
        "127.2",
        "0.0",
        "264.8"
    ],
    [
        "146.5",
        "170.3",
        "87.4",
        "203.9",
        "209.1",
        "264.8",
        "0.0"
    ]
]