[
    [
        "0.0",
        "171.2",
        "53.1",
        "155.9",
        "108.4",
        "139.4",
        "147.9"
    ],
    [
        "171.2",
        "0.0",
        "203.9",
        "38.6",
        "72.0",
        "95.7",
        "173.8"
    ],
    [
        "53.1",
        "203.9",
        "0.0",
        "185.6",
        "134.9",
        "191.4",
        "91.6"
    ],
    [
        "155.9",
        "38.6",
        "185.6",
        "0.0",
        "54.4",
        "130.0",
        "211.0"
    ],
    [
        "108.4",
        "72.0",
        "134.9",
        "54.4",
        "0.0",
        "130.0",
        "211.0"
    ],
    [
        "139.4",
        "95.7",
        "191.4",
        "130.0",
        "130.0",
        "0.0",
        "266.1"
    ],
    [
        "147.9",
        "173.8",
        "91.6",
        "211.0",
        "211.0",
        "266.1",
        "0.0"
    ]
]