[
    [
        "0.0",
        "169.8",
        "52.3",
        "155.3",
        "107.7",
        "138.9",
        "147.4"
    ],
    [
        "169.8",
        "0.0",
        "202.4",
        "36.9",
        "70.5",
        "94.4",
        "171.7"
    ],
    [
        "52.3",
        "202.4",
        "0.0",
        "183.9",
        "132.5",
        "188.2",
        "89.0"
    ],
    [
        "155.3",
        "36.9",
        "183.9",
        "0.0",
        "52.8",
        "128.3",
        "208.8"
    ],
    [
        "107.7",
        "70.5",
        "132.5",
        "52.8",
        "0.0",
        "128.3",
        "209.8"
    ],
    [
        "138.9",
        "94.4",
        "188.2",
        "128.3",
        "128.3",
        "0.0",
        "265.4"
    ],
    [
        "147.4",
        "171.7",
        "89.0",
        "208.8",
        "209.8",
        "265.4",
        "0.0"
    ]
]