[
    [
        "0.0",
        "169.4",
        "51.6",
        "152.2",
        "107.0",
        "138.2",
        "146.7"
    ],
    [
        "169.4",
        "0.0",
        "199.5",
        "34.8",
        "69.9",
        "93.8",
        "170.4"
    ],
    [
        "51.6",
        "199.5",
        "0.0",
        "181.5",
        "131.6",
        "187.8",
        "87.7"
    ],
    [
        "152.2",
        "34.8",
        "181.5",
        "0.0",
        "52.4",
        "127.4",
        "205.0"
    ],
    [
        "107.0",
        "69.9",
        "131.6",
        "52.4",
        "0.0",
        "127.4",
        "209.2"
    ],
    [
        "138.2",
        "93.8",
        "187.8",
        "127.4",
        "127.4",
        "0.0",
        "264.9"
    ],
    [
        "146.7",
        "170.4",
        "87.7",
        "205.0",
        "209.2",
        "264.9",
        "0.0"
    ]
]