[
    [
        "0.0",
        "172.0",
        "53.7",
        "156.2",
        "108.6",
        "139.8",
        "148.3"
    ],
    [
        "172.0",
        "0.0",
        "204.7",
        "39.3",
        "72.9",
        "96.3",
        "174.7"
    ],
    [
        "53.7",
        "204.7",
        "0.0",
        "187.3",
        "136.8",
        "193.3",
        "93.3"
    ],
    [
        "156.2",
        "39.3",
        "187.3",
        "0.0",
        "54.9",
        "130.7",
        "212.1"
    ],
    [
        "108.6",
        "72.9",
        "136.8",
        "54.9",
        "0.0",
        "130.7",
        "211.7"
    ],
    [
        "139.8",
        "96.3",
        "193.3",
        "130.7",
        "130.7",
        "0.0",
        "266.5"
    ],
    [
        "148.3",
        "174.7",
        "93.3",
        "212.1",
        "211.7",
        "266.5",
        "0.0"
    ]
]