[
    [
        "0.0",
        "169.5",
        "51.7",
        "153.0",
        "107.1",
        "138.4",
        "146.8"
    ],
    [
        "169.5",
        "0.0",
        "200.1",
        "35.3",
        "70.0",
        "93.9",
        "170.6"
    ],
    [
        "51.7",
        "200.1",
        "0.0",
        "182.0",
        "131.8",
        "187.9",
        "88.0"
    ],
    [
        "153.0",
        "35.3",
        "182.0",
        "0.0",
        "52.4",
        "127.5",
        "206.0"
    ],
    [
        "107.1",
        "70.0",
        "131.8",
        "52.4",
        "0.0",
        "127.5",
        "209.3"
    ],
    [
        "138.4",
        "93.9",
        "187.9",
        "127.5",
        "127.5",
        "0.0",
        "264.9"
    ],
    [
        "146.8",
        "170.6",
        "88.0",
        "206.0",
        "209.3",
        "264.9",
        "0.0"
    ]
]