[
    [
        "0.0",
        "171.6",
        "53.3",
        "156.0",
        "108.5",
        "139.6",
        "148.1"
    ],
    [
        "171.6",
        "0.0",
        "204.2",
        "39.0",
        "72.4",
        "96.0",
        "174.2"
    ],
    [
        "53.3",
        "204.2",
        "0.0",
        "186.1",
        "135.8",
        "192.4",
        "92.3"
    ],
    [
        "156.0",
        "39.0",
        "186.1",
        "0.0",
        "54.7",
        "130.4",
        "211.5"
    ],
    [
        "108.5",
        "72.4",
        "135.8",
        "54.7",
        "0.0",
        "130.4",
        "211.4"
    ],
    [
        "139.6",
        "96.0",
        "192.4",
        "130.4",
        "130.4",
        "0.0",
        "266.2"
    ],
    [
        "148.1",
        "174.2",
        "92.3",
        "211.5",
        "211.4",
        "266.2",
        "0.0"
    ]
]