[
    [
        "0.0",
        "169.4",
        "51.7",
        "152.8",
        "107.1",
        "138.3",
        "146.8"
    ],
    [
        "169.4",
        "0.0",
        "200.0",
        "35.2",
        "70.0",
        "93.9",
        "170.5"
    ],
    [
        "51.7",
        "200.0",
        "0.0",
        "181.8",
        "131.8",
        "187.8",
        "87.9"
    ],
    [
        "152.8",
        "35.2",
        "181.8",
        "0.0",
        "52.4",
        "127.5",
        "205.7"
    ],
    [
        "107.1",
        "70.0",
        "131.8",
        "52.4",
        "0.0",
        "127.5",
        "209.3"
    ],
    [
        "138.3",
        "93.9",
        "187.8",
        "127.5",
        "127.5",
        "0.0",
        "264.9"
    ],
    [
        "146.8",
        "170.5",
        "87.9",
        "205.7",
        "209.3",
        "264.9",
        "0.0"
    ]
]