[
    [
        "0.0",
        "171.0",
        "53.1",
        "155.8",
        "108.4",
        "139.4",
        "147.9"
    ],
    [
        "171.0",
        "0.0",
        "203.8",
        "38.5",
        "71.8",
        "95.5",
        "173.6"
    ],
    [
        "53.1",
        "203.8",
        "0.0",
        "185.4",
        "134.6",
        "190.9",
        "91.3"
    ],
    [
        "155.8",
        "38.5",
        "185.4",
        "0.0",
        "54.2",
        "129.8",
        "210.7"
    ],
    [
        "108.4",
        "71.8",
        "134.6",
        "54.2",
        "0.0",
        "129.8",
        "210.9"
    ],
    [
        "139.4",
        "95.5",
        "190.9",
        "129.8",
        "129.8",
        "0.0",
        "266.0"
    ],
    [
        "147.9",
        "173.6",
        "91.3",
        "210.7",
        "210.9",
        "266.0",
        "0.0"
    ]
]