[
    [
        "0.0",
        "172.3",
        "54.2",
        "156.5",
        "108.7",
        "139.9",
        "148.7"
    ],
    [
        "172.3",
        "0.0",
        "205.1",
        "39.5",
        "73.4",
        "96.5",
        "175.0"
    ],
    [
        "54.2",
        "205.1",
        "0.0",
        "188.9",
        "137.6",
        "194.0",
        "94.1"
    ],
    [
        "156.5",
        "39.5",
        "188.9",
        "0.0",
        "55.0",
        "131.0",
        "212.5"
    ],
    [
        "108.7",
        "73.4",
        "137.6",
        "55.0",
        "0.0",
        "131.0",
        "211.9"
    ],
    [
        "139.9",
        "96.5",
        "194.0",
        "131.0",
        "131.0",
        "0.0",
        "266.8"
    ],
    [
        "148.7",
        "175.0",
        "94.1",
        "212.5",
        "211.9",
        "266.8",
        "0.0"
    ]
]