[
    [
        "0.0",
        "169.4",
        "51.5",
        "151.2",
        "106.9",
        "138.0",
        "146.5"
    ],
    [
        "169.4",
        "0.0",
        "198.6",
        "34.1",
        "69.9",
        "93.6",
        "170.3"
    ],
    [
        "51.5",
        "198.6",
        "0.0",
        "180.7",
        "131.4",
        "187.7",
        "87.4"
    ],
    [
        "151.2",
        "34.1",
        "180.7",
        "0.0",
        "52.4",
        "127.2",
        "203.7"
    ],
    [
        "106.9",
        "69.9",
        "131.4",
        "52.4",
        "0.0",
        "127.2",
        "209.0"
    ],
    [
        "138.0",
        "93.6",
        "187.7",
        "127.2",
        "127.2",
        "0.0",
        "264.7"
    ],
    [
        "146.5",
        "170.3",
        "87.4",
        "203.7",
        "209.0",
        "264.7",
        "0.0"
    ]
]