[
    [
        "0.0",
        "169.5",
        "51.9",
        "154.0",
        "107.2",
        "138.6",
        "146.9"
    ],
    [
        "169.5",
        "0.0",
        "200.8",
        "35.8",
        "70.1",
        "94.0",
        "170.7"
    ],
    [
        "51.9",
        "200.8",
        "0.0",
        "182.5",
        "132.0",
        "188.0",
        "88.2"
    ],
    [
        "154.0",
        "35.8",
        "182.5",
        "0.0",
        "52.4",
        "127.7",
        "207.1"
    ],
    [
        "107.2",
        "70.1",
        "132.0",
        "52.4",
        "0.0",
        "127.7",
        "209.5"
    ],
    [
        "138.6",
        "94.0",
        "188.0",
        "127.7",
        "127.7",
        "0.0",
        "265.0"
    ],
    [
        "146.9",
        "170.7",
        "88.2",
        "207.1",
        "209.5",
        "265.0",
        "0.0"
    ]
]