[
    [
        "0.0",
        "170.2",
        "52.8",
        "155.7",
        "108.2",
        "139.1",
        "147.7"
    ],
    [
        "170.2",
        "0.0",
        "203.3",
        "37.5",
        "71.1",
        "94.8",
        "172.8"
    ],
    [
        "52.8",
        "203.3",
        "0.0",
        "184.7",
        "133.2",
        "188.8",
        "89.9"
    ],
    [
        "155.7",
        "37.5",
        "184.7",
        "0.0",
        "53.4",
        "129.0",
        "209.6"
    ],
    [
        "108.2",
        "71.1",
        "133.2",
        "53.4",
        "0.0",
        "129.0",
        "210.2"
    ],
    [
        "139.1",
        "94.8",
        "188.8",
        "129.0",
        "129.0",
        "0.0",
        "265.8"
    ],
    [
        "147.7",
        "172.8",
        "89.9",
        "209.6",
        "210.2",
        "265.8",
        "0.0"
    ]
]