[
    [
        "0.0",
        "169.4",
        "51.6",
        "151.9",
        "107.0",
        "138.2",
        "146.7"
    ],
    [
        "169.4",
        "0.0",
        "199.3",
        "34.6",
        "69.9",
        "93.7",
        "170.4"
    ],
    [
        "51.6",
        "199.3",
        "0.0",
        "181.3",
        "131.6",
        "187.8",
        "87.7"
    ],
    [
        "151.9",
        "34.6",
        "181.3",
        "0.0",
        "52.4",
        "127.3",
        "204.7"
    ],
    [
        "107.0",
        "69.9",
        "131.6",
        "52.4",
        "0.0",
        "127.3",
        "209.2"
    ],
    [
        "138.2",
        "93.7",
        "187.8",
        "127.3",
        "127.3",
        "0.0",
        "264.8"
    ],
    [
        "146.7",
        "170.4",
        "87.7",
        "204.7",
        "209.2",
        "264.8",
        "0.0"
    ]
]