[
    [
        "0.0",
        "174.1",
        "56.0",
        "159.0",
        "110.8",
        "140.7",
        "151.2"
    ],
    [
        "174.1",
        "0.0",
        "211.6",
        "41.0",
        "75.6",
        "97.7",
        "181.1"
    ],
    [
        "56.0",
        "211.6",
        "0.0",
        "193.0",
        "145.0",
        "196.1",
        "97.0"
    ],
    [
        "159.0",
        "41.0",
        "193.0",
        "0.0",
        "55.6",
        "132.4",
        "215.6"
    ],
    [
        "110.8",
        "75.6",
        "145.0",
        "55.6",
        "0.0",
        "132.4",
        "214.1"
    ],
    [
        "140.7",
        "97.7",
        "196.1",
        "132.4",
        "132.4",
        "0.0",
        "268.1"
    ],
    [
        "151.2",
        "181.1",
        "97.0",
        "215.6",
        "214.1",
        "268.1",
        "0.0"
    ]
]