[
    [
        "0.0",
        "174.5",
        "56.1",
        "159.6",
        "111.6",
        "140.9",
        "151.7"
    ],
    [
        "174.5",
        "0.0",
        "213.8",
        "41.4",
        "75.8",
        "97.9",
        "184.3"
    ],
    [
        "56.1",
        "213.8",
        "0.0",
        "193.1",
        "147.3",
        "196.2",
        "97.2"
    ],
    [
        "159.6",
        "41.4",
        "193.1",
        "0.0",
        "55.7",
        "132.6",
        "216.2"
    ],
    [
        "111.6",
        "75.8",
        "147.3",
        "55.7",
        "0.0",
        "132.6",
        "214.9"
    ],
    [
        "140.9",
        "97.9",
        "196.2",
        "132.6",
        "132.6",
        "0.0",
        "268.3"
    ],
    [
        "151.7",
        "184.3",
        "97.2",
        "216.2",
        "214.9",
        "268.3",
        "0.0"
    ]
]