[
    [
        "0.0",
        "172.7",
        "54.8",
        "156.8",
        "108.7",
        "140.1",
        "149.1"
    ],
    [
        "172.7",
        "0.0",
        "205.8",
        "39.7",
        "74.1",
        "96.8",
        "175.4"
    ],
    [
        "54.8",
        "205.8",
        "0.0",
        "190.8",
        "138.8",
        "194.7",
        "95.1"
    ],
    [
        "156.8",
        "39.7",
        "190.8",
        "0.0",
        "55.2",
        "131.3",
        "213.1"
    ],
    [
        "108.7",
        "74.1",
        "138.8",
        "55.2",
        "0.0",
        "131.3",
        "212.2"
    ],
    [
        "140.1",
        "96.8",
        "194.7",
        "131.3",
        "131.3",
        "0.0",
        "267.2"
    ],
    [
        "149.1",
        "175.4",
        "95.1",
        "213.1",
        "212.2",
        "267.2",
        "0.0"
    ]
]