[
    [
        "0.0",
        "172.2",
        "54.0",
        "156.4",
        "108.6",
        "139.8",
        "148.5"
    ],
    [
        "172.2",
        "0.0",
        "205.0",
        "39.4",
        "73.2",
        "96.4",
        "174.8"
    ],
    [
        "54.0",
        "205.0",
        "0.0",
        "188.3",
        "137.3",
        "193.8",
        "93.8"
    ],
    [
        "156.4",
        "39.4",
        "188.3",
        "0.0",
        "55.0",
        "130.9",
        "212.4"
    ],
    [
        "108.6",
        "73.2",
        "137.3",
        "55.0",
        "0.0",
        "130.9",
        "211.8"
    ],
    [
        "139.8",
        "96.4",
        "193.8",
        "130.9",
        "130.9",
        "0.0",
        "266.7"
    ],
    [
        "148.5",
        "174.8",
        "93.8",
        "212.4",
        "211.8",
        "266.7",
        "0.0"
    ]
]