[
    [
        "0.0",
        "174.0",
        "55.9",
        "158.7",
        "110.3",
        "140.7",
        "151.0"
    ],
    [
        "174.0",
        "0.0",
        "210.6",
        "40.8",
        "75.5",
        "97.6",
        "179.8"
    ],
    [
        "55.9",
        "210.6",
        "0.0",
        "192.9",
        "144.1",
        "196.0",
        "96.9"
    ],
    [
        "158.7",
        "40.8",
        "192.9",
        "0.0",
        "55.6",
        "132.2",
        "215.3"
    ],
    [
        "110.3",
        "75.5",
        "144.1",
        "55.6",
        "0.0",
        "132.2",
        "213.8"
    ],
    [
        "140.7",
        "97.6",
        "196.0",
        "132.2",
        "132.2",
        "0.0",
        "268.0"
    ],
    [
        "151.0",
        "179.8",
        "96.9",
        "215.3",
        "213.8",
        "268.0",
        "0.0"
    ]
]