[
    [
        "0.0",
        "170.1",
        "52.7",
        "155.6",
        "108.1",
        "139.0",
        "147.6"
    ],
    [
        "170.1",
        "0.0",
        "203.0",
        "37.3",
        "70.9",
        "94.7",
        "172.5"
    ],
    [
        "52.7",
        "203.0",
        "0.0",
        "184.5",
        "132.9",
        "188.5",
        "89.6"
    ],
    [
        "155.6",
        "37.3",
        "184.5",
        "0.0",
        "53.2",
        "128.7",
        "209.3"
    ],
    [
        "108.1",
        "70.9",
        "132.9",
        "53.2",
        "0.0",
        "128.7",
        "210.1"
    ],
    [
        "139.0",
        "94.7",
        "188.5",
        "128.7",
        "128.7",
        "0.0",
        "265.7"
    ],
    [
        "147.6",
        "172.5",
        "89.6",
        "209.3",
        "210.1",
        "265.7",
        "0.0"
    ]
]