[
    [
        "0.0",
        "173.4",
        "55.6",
        "157.5",
        "108.9",
        "140.4",
        "150.0"
    ],
    [
        "173.4",
        "0.0",
        "207.3",
        "40.1",
        "74.9",
        "97.2",
        "176.5"
    ],
    [
        "55.6",
        "207.3",
        "0.0",
        "192.6",
        "141.2",
        "195.6",
        "96.3"
    ],
    [
        "157.5",
        "40.1",
        "192.6",
        "0.0",
        "55.4",
        "131.7",
        "214.0"
    ],
    [
        "108.9",
        "74.9",
        "141.2",
        "55.4",
        "0.0",
        "131.7",
        "212.8"
    ],
    [
        "140.4",
        "97.2",
        "195.6",
        "131.7",
        "131.7",
        "0.0",
        "267.7"
    ],
    [
        "150.0",
        "176.5",
        "96.3",
        "214.0",
        "212.8",
        "267.7",
        "0.0"
    ]
]