[
    [
        "0.0",
        "170.5",
        "52.9",
        "155.7",
        "108.3",
        "139.2",
        "147.8"
    ],
    [
        "170.5",
        "0.0",
        "203.5",
        "37.8",
        "71.3",
        "95.0",
        "173.1"
    ],
    [
        "52.9",
        "203.5",
        "0.0",
        "184.9",
        "133.6",
        "189.3",
        "90.3"
    ],
    [
        "155.7",
        "37.8",
        "184.9",
        "0.0",
        "53.6",
        "129.2",
        "209.9"
    ],
    [
        "108.3",
        "71.3",
        "133.6",
        "53.6",
        "0.0",
        "129.2",
        "210.4"
    ],
    [
        "139.2",
        "95.0",
        "189.3",
        "129.2",
        "129.2",
        "0.0",
        "265.9"
    ],
    [
        "147.8",
        "173.1",
        "90.3",
        "209.9",
        "210.4",
        "265.9",
        "0.0"
    ]
]