[
    [
        "0.0",
        "173.1",
        "55.3",
        "157.2",
        "108.8",
        "140.2",
        "149.6"
    ],
    [
        "173.1",
        "0.0",
        "206.6",
        "39.9",
        "74.6",
        "97.0",
        "175.9"
    ],
    [
        "55.3",
        "206.6",
        "0.0",
        "192.1",
        "140.1",
        "195.3",
        "95.8"
    ],
    [
        "157.2",
        "39.9",
        "192.1",
        "0.0",
        "55.3",
        "131.5",
        "213.6"
    ],
    [
        "108.8",
        "74.6",
        "140.1",
        "55.3",
        "0.0",
        "131.5",
        "212.5"
    ],
    [
        "140.2",
        "97.0",
        "195.3",
        "131.5",
        "131.5",
        "0.0",
        "267.5"
    ],
    [
        "149.6",
        "175.9",
        "95.8",
        "213.6",
        "212.5",
        "267.5",
        "0.0"
    ]
]