[
    [
        "0.0",
        "174.8",
        "56.2",
        "159.9",
        "112.0",
        "141.0",
        "151.9"
    ],
    [
        "174.8",
        "0.0",
        "215.2",
        "41.6",
        "76.0",
        "98.1",
        "186.7"
    ],
    [
        "56.2",
        "215.2",
        "0.0",
        "193.1",
        "149.2",
        "196.2",
        "97.3"
    ],
    [
        "159.9",
        "41.6",
        "193.1",
        "0.0",
        "55.7",
        "132.7",
        "216.6"
    ],
    [
        "112.0",
        "76.0",
        "149.2",
        "55.7",
        "0.0",
        "132.7",
        "215.5"
    ],
    [
        "141.0",
        "98.1",
        "196.2",
        "132.7",
        "132.7",
        "0.0",
        "268.4"
    ],
    [
        "151.9",
        "186.7",
        "97.3",
        "216.6",
        "215.5",
        "268.4",
        "0.0"
    ]
]