[
    [
        "0.0",
        "172.1",
        "53.8",
        "156.3",
        "108.6",
        "139.8",
        "148.4"
    ],
    [
        "172.1",
        "0.0",
        "204.8",
        "39.4",
        "73.0",
        "96.4",
        "174.7"
    ],
    [
        "53.8",
        "204.8",
        "0.0",
        "187.7",
        "137.0",
        "193.5",
        "93.5"
    ],
    [
        "156.3",
        "39.4",
        "187.7",
        "0.0",
        "54.9",
        "130.8",
        "212.2"
    ],
    [
        "108.6",
        "73.0",
        "137.0",
        "54.9",
        "0.0",
        "130.8",
        "211.8"
    ],
    [
        "139.8",
        "96.4",
        "193.5",
        "130.8",
        "130.8",
        "0.0",
        "266.5"
    ],
    [
        "148.4",
        "174.7",
        "93.5",
        "212.2",
        "211.8",
        "266.5",
        "0.0"
    ]
]