[
    [
        "0.0",
        "173.7",
        "55.8",
        "158.0",
        "109.4",
        "140.5",
        "150.4"
    ],
    [
        "173.7",
        "0.0",
        "208.5",
        "40.4",
        "75.2",
        "97.4",
        "177.5"
    ],
    [
        "55.8",
        "208.5",
        "0.0",
        "192.8",
        "142.4",
        "195.8",
        "96.6"
    ],
    [
        "158.0",
        "40.4",
        "192.8",
        "0.0",
        "55.5",
        "132.0",
        "214.6"
    ],
    [
        "109.4",
        "75.2",
        "142.4",
        "55.5",
        "0.0",
        "132.0",
        "213.2"
    ],
    [
        "140.5",
        "97.4",
        "195.8",
        "132.0",
        "132.0",
        "0.0",
        "267.9"
    ],
    [
        "150.4",
        "177.5",
        "96.6",
        "214.6",
        "213.2",
        "267.9",
        "0.0"
    ]
]