[
    [
        "0.0",
        "175.8",
        "56.4",
        "160.7",
        "112.9",
        "141.5",
        "152.3"
    ],
    [
        "175.8",
        "0.0",
        "219.4",
        "42.3",
        "76.8",
        "99.0",
        "196.7"
    ],
    [
        "56.4",
        "219.4",
        "0.0",
        "193.1",
        "157.4",
        "196.4",
        "97.8"
    ],
    [
        "160.7",
        "42.3",
        "193.1",
        "0.0",
        "55.8",
        "133.0",
        "217.5"
    ],
    [
        "112.9",
        "76.8",
        "157.4",
        "55.8",
        "0.0",
        "133.0",
        "217.7"
    ],
    [
        "141.5",
        "99.0",
        "196.4",
        "133.0",
        "133.0",
        "0.0",
        "268.9"
    ],
    [
        "152.3",
        "196.7",
        "97.8",
        "217.5",
        "217.7",
        "268.9",
        "0.0"
    ]
]