[
    [
        "0.0",
        "173.8",
        "55.8",
        "158.3",
        "109.8",
        "140.6",
        "150.7"
    ],
    [
        "173.8",
        "0.0",
        "209.4",
        "40.6",
        "75.3",
        "97.5",
        "178.4"
    ],
    [
        "55.8",
        "209.4",
        "0.0",
        "192.9",
        "143.1",
        "195.9",
        "96.7"
    ],
    [
        "158.3",
        "40.6",
        "192.9",
        "0.0",
        "55.5",
        "132.1",
        "214.9"
    ],
    [
        "109.8",
        "75.3",
        "143.1",
        "55.5",
        "0.0",
        "132.1",
        "213.5"
    ],
    [
        "140.6",
        "97.5",
        "195.9",
        "132.1",
        "132.1",
        "0.0",
        "268.0"
    ],
    [
        "150.7",
        "178.4",
        "96.7",
        "214.9",
        "213.5",
        "268.0",
        "0.0"
    ]
]