[
    [
        "0.0",
        "169.5",
        "51.8",
        "153.5",
        "107.1",
        "138.5",
        "146.9"
    ],
    [
        "169.5",
        "0.0",
        "200.5",
        "35.6",
        "70.0",
        "94.0",
        "170.6"
    ],
    [
        "51.8",
        "200.5",
        "0.0",
        "182.2",
        "131.9",
        "187.9",
        "88.1"
    ],
    [
        "153.5",
        "35.6",
        "182.2",
        "0.0",
        "52.4",
        "127.6",
        "206.5"
    ],
    [
        "107.1",
        "70.0",
        "131.9",
        "52.4",
        "0.0",
        "127.6",
        "209.4"
    ],
    [
        "138.5",
        "94.0",
        "187.9",
        "127.6",
        "127.6",
        "0.0",
        "265.0"
    ],
    [
        "146.9",
        "170.6",
        "88.1",
        "206.5",
        "209.4",
        "265.0",
        "0.0"
    ]
]