[
    [
        "0.0",
        "172.5",
        "54.5",
        "156.6",
        "108.7",
        "140.0",
        "148.9"
    ],
    [
        "172.5",
        "0.0",
        "205.4",
        "39.6",
        "73.7",
        "96.6",
        "175.1"
    ],
    [
        "54.5",
        "205.4",
        "0.0",
        "189.7",
        "138.1",
        "194.3",
        "94.6"
    ],
    [
        "156.6",
        "39.6",
        "189.7",
        "0.0",
        "55.1",
        "131.1",
        "212.8"
    ],
    [
        "108.7",
        "73.7",
        "138.1",
        "55.1",
        "0.0",
        "131.1",
        "212.0"
    ],
    [
        "140.0",
        "96.6",
        "194.3",
        "131.1",
        "131.1",
        "0.0",
        "266.9"
    ],
    [
        "148.9",
        "175.1",
        "94.6",
        "212.8",
        "212.0",
        "266.9",
        "0.0"
    ]
]