[
    [
        "0.0",
        "173.2",
        "55.4",
        "157.3",
        "108.9",
        "140.3",
        "149.8"
    ],
    [
        "173.2",
        "0.0",
        "206.9",
        "40.0",
        "74.8",
        "97.1",
        "176.2"
    ],
    [
        "55.4",
        "206.9",
        "0.0",
        "192.4",
        "140.6",
        "195.4",
        "96.1"
    ],
    [
        "157.3",
        "40.0",
        "192.4",
        "0.0",
        "55.3",
        "131.6",
        "213.8"
    ],
    [
        "108.9",
        "74.8",
        "140.6",
        "55.3",
        "0.0",
        "131.6",
        "212.7"
    ],
    [
        "140.3",
        "97.1",
        "195.4",
        "131.6",
        "131.6",
        "0.0",
        "267.6"
    ],
    [
        "149.8",
        "176.2",
        "96.1",
        "213.8",
        "212.7",
        "267.6",
        "0.0"
    ]
]