[
    [
        "0.0",
        "170.7",
        "53.0",
        "155.8",
        "108.4",
        "139.3",
        "147.8"
    ],
    [
        "170.7",
        "0.0",
        "203.6",
        "38.1",
        "71.5",
        "95.3",
        "173.4"
    ],
    [
        "53.0",
        "203.6",
        "0.0",
        "185.2",
        "134.0",
        "190.1",
        "90.7"
    ],
    [
        "155.8",
        "38.1",
        "185.2",
        "0.0",
        "53.9",
        "129.5",
        "210.3"
    ],
    [
        "108.4",
        "71.5",
        "134.0",
        "53.9",
        "0.0",
        "129.5",
        "210.6"
    ],
    [
        "139.3",
        "95.3",
        "190.1",
        "129.5",
        "129.5",
        "0.0",
        "265.9"
    ],
    [
        "147.8",
        "173.4",
        "90.7",
        "210.3",
        "210.6",
        "265.9",
        "0.0"
    ]
]