[
    [
        "0.0",
        "173.9",
        "55.9",
        "158.5",
        "110.1",
        "140.6",
        "150.9"
    ],
    [
        "173.9",
        "0.0",
        "210.1",
        "40.7",
        "75.4",
        "97.5",
        "179.3"
    ],
    [
        "55.9",
        "210.1",
        "0.0",
        "192.9",
        "143.7",
        "196.0",
        "96.8"
    ],
    [
        "158.5",
        "40.7",
        "192.9",
        "0.0",
        "55.6",
        "132.2",
        "215.2"
    ],
    [
        "110.1",
        "75.4",
        "143.7",
        "55.6",
        "0.0",
        "132.2",
        "213.7"
    ],
    [
        "140.6",
        "97.5",
        "196.0",
        "132.2",
        "132.2",
        "0.0",
        "268.0"
    ],
    [
        "150.9",
        "179.3",
        "96.8",
        "215.2",
        "213.7",
        "268.0",
        "0.0"
    ]
]