[
    [
        "0.0",
        "174.9",
        "56.2",
        "160.1",
        "112.1",
        "141.1",
        "151.9"
    ],
    [
        "174.9",
        "0.0",
        "215.7",
        "41.7",
        "76.1",
        "98.2",
        "187.6"
    ],
    [
        "56.2",
        "215.7",
        "0.0",
        "193.1",
        "149.9",
        "196.3",
        "97.4"
    ],
    [
        "160.1",
        "41.7",
        "193.1",
        "0.0",
        "55.8",
        "132.8",
        "216.7"
    ],
    [
        "112.1",
        "76.1",
        "149.9",
        "55.8",
        "0.0",
        "132.8",
        "215.7"
    ],
    [
        "141.1",
        "98.2",
        "196.3",
        "132.8",
        "132.8",
        "0.0",
        "268.5"
    ],
    [
        "151.9",
        "187.6",
        "97.4",
        "216.7",
        "215.7",
        "268.5",
        "0.0"
    ]
]