[
    [
        "0.0",
        "170.8",
        "53.0",
        "155.8",
        "108.4",
        "139.3",
        "147.9"
    ],
    [
        "170.8",
        "0.0",
        "203.7",
        "38.2",
        "71.6",
        "95.3",
        "173.4"
    ],
    [
        "53.0",
        "203.7",
        "0.0",
        "185.2",
        "134.2",
        "190.3",
        "90.9"
    ],
    [
        "155.8",
        "38.2",
        "185.2",
        "0.0",
        "54.0",
        "129.6",
        "210.4"
    ],
    [
        "108.4",
        "71.6",
        "134.2",
        "54.0",
        "0.0",
        "129.6",
        "210.7"
    ],
    [
        "139.3",
        "95.3",
        "190.3",
        "129.6",
        "129.6",
        "0.0",
        "266.0"
    ],
    [
        "147.9",
        "173.4",
        "90.9",
        "210.4",
        "210.7",
        "266.0",
        "0.0"
    ]
]