[
    [
        "0.0",
        "174.6",
        "56.1",
        "159.7",
        "111.8",
        "141.0",
        "151.7"
    ],
    [
        "174.6",
        "0.0",
        "214.3",
        "41.5",
        "75.9",
        "98.0",
        "185.2"
    ],
    [
        "56.1",
        "214.3",
        "0.0",
        "193.1",
        "148.0",
        "196.2",
        "97.2"
    ],
    [
        "159.7",
        "41.5",
        "193.1",
        "0.0",
        "55.7",
        "132.6",
        "216.4"
    ],
    [
        "111.8",
        "75.9",
        "148.0",
        "55.7",
        "0.0",
        "132.6",
        "215.1"
    ],
    [
        "141.0",
        "98.0",
        "196.2",
        "132.6",
        "132.6",
        "0.0",
        "268.3"
    ],
    [
        "151.7",
        "185.2",
        "97.2",
        "216.4",
        "215.1",
        "268.3",
        "0.0"
    ]
]