[
    [
        "0.0",
        "173.3",
        "55.5",
        "157.4",
        "108.9",
        "140.4",
        "149.9"
    ],
    [
        "173.3",
        "0.0",
        "207.2",
        "40.1",
        "74.9",
        "97.2",
        "176.4"
    ],
    [
        "55.5",
        "207.2",
        "0.0",
        "192.5",
        "140.9",
        "195.5",
        "96.2"
    ],
    [
        "157.4",
        "40.1",
        "192.5",
        "0.0",
        "55.4",
        "131.7",
        "213.9"
    ],
    [
        "108.9",
        "74.9",
        "140.9",
        "55.4",
        "0.0",
        "131.7",
        "212.8"
    ],
    [
        "140.4",
        "97.2",
        "195.5",
        "131.7",
        "131.7",
        "0.0",
        "267.7"
    ],
    [
        "149.9",
        "176.4",
        "96.2",
        "213.9",
        "212.8",
        "267.7",
        "0.0"
    ]
]