[
    [
        "0.0",
        "170.0",
        "52.6",
        "155.5",
        "108.0",
        "139.0",
        "147.6"
    ],
    [
        "170.0",
        "0.0",
        "202.8",
        "37.2",
        "70.8",
        "94.6",
        "172.2"
    ],
    [
        "52.6",
        "202.8",
        "0.0",
        "184.3",
        "132.8",
        "188.4",
        "89.4"
    ],
    [
        "155.5",
        "37.2",
        "184.3",
        "0.0",
        "53.0",
        "128.6",
        "209.1"
    ],
    [
        "108.0",
        "70.8",
        "132.8",
        "53.0",
        "0.0",
        "128.6",
        "210.0"
    ],
    [
        "139.0",
        "94.6",
        "188.4",
        "128.6",
        "128.6",
        "0.0",
        "265.6"
    ],
    [
        "147.6",
        "172.2",
        "89.4",
        "209.1",
        "210.0",
        "265.6",
        "0.0"
    ]
]