[
    [
        "0.0",
        "173.8",
        "55.9",
        "158.4",
        "109.9",
        "140.6",
        "150.8"
    ],
    [
        "173.8",
        "0.0",
        "209.6",
        "40.7",
        "75.4",
        "97.5",
        "178.7"
    ],
    [
        "55.9",
        "209.6",
        "0.0",
        "192.9",
        "143.3",
        "195.9",
        "96.8"
    ],
    [
        "158.4",
        "40.7",
        "192.9",
        "0.0",
        "55.5",
        "132.1",
        "215.0"
    ],
    [
        "109.9",
        "75.4",
        "143.3",
        "55.5",
        "0.0",
        "132.1",
        "213.5"
    ],
    [
        "140.6",
        "97.5",
        "195.9",
        "132.1",
        "132.1",
        "0.0",
        "268.0"
    ],
    [
        "150.8",
        "178.7",
        "96.8",
        "215.0",
        "213.5",
        "268.0",
        "0.0"
    ]
]