[
    [
        "0.0",
        "173.9",
        "55.9",
        "158.4",
        "110.0",
        "140.6",
        "150.8"
    ],
    [
        "173.9",
        "0.0",
        "209.8",
        "40.7",
        "75.4",
        "97.5",
        "178.9"
    ],
    [
        "55.9",
        "209.8",
        "0.0",
        "192.9",
        "143.5",
        "195.9",
        "96.8"
    ],
    [
        "158.4",
        "40.7",
        "192.9",
        "0.0",
        "55.6",
        "132.1",
        "215.1"
    ],
    [
        "110.0",
        "75.4",
        "143.5",
        "55.6",
        "0.0",
        "132.1",
        "213.6"
    ],
    [
        "140.6",
        "97.5",
        "195.9",
        "132.1",
        "132.1",
        "0.0",
        "268.0"
    ],
    [
        "150.8",
        "178.9",
        "96.8",
        "215.1",
        "213.6",
        "268.0",
        "0.0"
    ]
]