[
    [
        "0.0",
        "172.6",
        "54.6",
        "156.7",
        "108.7",
        "140.0",
        "149.0"
    ],
    [
        "172.6",
        "0.0",
        "205.6",
        "39.6",
        "73.9",
        "96.7",
        "175.3"
    ],
    [
        "54.6",
        "205.6",
        "0.0",
        "190.2",
        "138.4",
        "194.5",
        "94.8"
    ],
    [
        "156.7",
        "39.6",
        "190.2",
        "0.0",
        "55.1",
        "131.2",
        "212.9"
    ],
    [
        "108.7",
        "73.9",
        "138.4",
        "55.1",
        "0.0",
        "131.2",
        "212.1"
    ],
    [
        "140.0",
        "96.7",
        "194.5",
        "131.2",
        "131.2",
        "0.0",
        "267.0"
    ],
    [
        "149.0",
        "175.3",
        "94.8",
        "212.9",
        "212.1",
        "267.0",
        "0.0"
    ]
]