[
    [
        "0.0",
        "174.5",
        "56.1",
        "159.6",
        "111.5",
        "140.9",
        "151.6"
    ],
    [
        "174.5",
        "0.0",
        "213.6",
        "41.4",
        "75.8",
        "97.9",
        "184.0"
    ],
    [
        "56.1",
        "213.6",
        "0.0",
        "193.1",
        "147.1",
        "196.2",
        "97.2"
    ],
    [
        "159.6",
        "41.4",
        "193.1",
        "0.0",
        "55.7",
        "132.6",
        "216.2"
    ],
    [
        "111.5",
        "75.8",
        "147.1",
        "55.7",
        "0.0",
        "132.6",
        "214.8"
    ],
    [
        "140.9",
        "97.9",
        "196.2",
        "132.6",
        "132.6",
        "0.0",
        "268.3"
    ],
    [
        "151.6",
        "184.0",
        "97.2",
        "216.2",
        "214.8",
        "268.3",
        "0.0"
    ]
]