[
    [
        "0.0",
        "173.6",
        "55.7",
        "157.8",
        "109.2",
        "140.5",
        "150.3"
    ],
    [
        "173.6",
        "0.0",
        "208.1",
        "40.3",
        "75.2",
        "97.3",
        "177.1"
    ],
    [
        "55.7",
        "208.1",
        "0.0",
        "192.7",
        "142.0",
        "195.7",
        "96.5"
    ],
    [
        "157.8",
        "40.3",
        "192.7",
        "0.0",
        "55.5",
        "131.9",
        "214.4"
    ],
    [
        "109.2",
        "75.2",
        "142.0",
        "55.5",
        "0.0",
        "131.9",
        "213.1"
    ],
    [
        "140.5",
        "97.3",
        "195.7",
        "131.9",
        "131.9",
        "0.0",
        "267.8"
    ],
    [
        "150.3",
        "177.1",
        "96.5",
        "214.4",
        "213.1",
        "267.8",
        "0.0"
    ]
]