[
    [
        "0.0",
        "169.5",
        "51.8",
        "153.3",
        "107.1",
        "138.4",
        "146.9"
    ],
    [
        "169.5",
        "0.0",
        "200.3",
        "35.5",
        "70.0",
        "93.9",
        "170.6"
    ],
    [
        "51.8",
        "200.3",
        "0.0",
        "182.1",
        "131.9",
        "187.9",
        "88.1"
    ],
    [
        "153.3",
        "35.5",
        "182.1",
        "0.0",
        "52.4",
        "127.6",
        "206.3"
    ],
    [
        "107.1",
        "70.0",
        "131.9",
        "52.4",
        "0.0",
        "127.6",
        "209.4"
    ],
    [
        "138.4",
        "93.9",
        "187.9",
        "127.6",
        "127.6",
        "0.0",
        "265.0"
    ],
    [
        "146.9",
        "170.6",
        "88.1",
        "206.3",
        "209.4",
        "265.0",
        "0.0"
    ]
]