[
    [
        "0.0",
        "175.0",
        "56.2",
        "160.2",
        "112.2",
        "141.2",
        "152.0"
    ],
    [
        "175.0",
        "0.0",
        "216.3",
        "41.8",
        "76.2",
        "98.3",
        "189.1"
    ],
    [
        "56.2",
        "216.3",
        "0.0",
        "193.1",
        "151.1",
        "196.3",
        "97.4"
    ],
    [
        "160.2",
        "41.8",
        "193.1",
        "0.0",
        "55.8",
        "132.8",
        "216.8"
    ],
    [
        "112.2",
        "76.2",
        "151.1",
        "55.8",
        "0.0",
        "132.8",
        "216.0"
    ],
    [
        "141.2",
        "98.3",
        "196.3",
        "132.8",
        "132.8",
        "0.0",
        "268.5"
    ],
    [
        "152.0",
        "189.1",
        "97.4",
        "216.8",
        "216.0",
        "268.5",
        "0.0"
    ]
]