[
    [
        "0.0",
        "174.3",
        "56.1",
        "159.4",
        "111.3",
        "140.8",
        "151.5"
    ],
    [
        "174.3",
        "0.0",
        "212.9",
        "41.3",
        "75.7",
        "97.8",
        "183.0"
    ],
    [
        "56.1",
        "212.9",
        "0.0",
        "193.0",
        "146.4",
        "196.1",
        "97.1"
    ],
    [
        "159.4",
        "41.3",
        "193.0",
        "0.0",
        "55.7",
        "132.5",
        "216.0"
    ],
    [
        "111.3",
        "75.7",
        "146.4",
        "55.7",
        "0.0",
        "132.5",
        "214.6"
    ],
    [
        "140.8",
        "97.8",
        "196.1",
        "132.5",
        "132.5",
        "0.0",
        "268.2"
    ],
    [
        "151.5",
        "183.0",
        "97.1",
        "216.0",
        "214.6",
        "268.2",
        "0.0"
    ]
]