[
    [
        "0.0",
        "173.5",
        "55.7",
        "157.7",
        "109.0",
        "140.4",
        "150.1"
    ],
    [
        "173.5",
        "0.0",
        "207.7",
        "40.2",
        "75.1",
        "97.3",
        "176.8"
    ],
    [
        "55.7",
        "207.7",
        "0.0",
        "192.7",
        "141.7",
        "195.7",
        "96.4"
    ],
    [
        "157.7",
        "40.2",
        "192.7",
        "0.0",
        "55.4",
        "131.8",
        "214.2"
    ],
    [
        "109.0",
        "75.1",
        "141.7",
        "55.4",
        "0.0",
        "131.8",
        "213.0"
    ],
    [
        "140.4",
        "97.3",
        "195.7",
        "131.8",
        "131.8",
        "0.0",
        "267.8"
    ],
    [
        "150.1",
        "176.8",
        "96.4",
        "214.2",
        "213.0",
        "267.8",
        "0.0"
    ]
]