[
    [
        "0.0",
        "174.0",
        "55.9",
        "158.7",
        "110.4",
        "140.7",
        "151.0"
    ],
    [
        "174.0",
        "0.0",
        "210.7",
        "40.9",
        "75.5",
        "97.6",
        "179.9"
    ],
    [
        "55.9",
        "210.7",
        "0.0",
        "193.0",
        "144.2",
        "196.0",
        "96.9"
    ],
    [
        "158.7",
        "40.9",
        "193.0",
        "0.0",
        "55.6",
        "132.2",
        "215.3"
    ],
    [
        "110.4",
        "75.5",
        "144.2",
        "55.6",
        "0.0",
        "132.2",
        "213.8"
    ],
    [
        "140.7",
        "97.6",
        "196.0",
        "132.2",
        "132.2",
        "0.0",
        "268.1"
    ],
    [
        "151.0",
        "179.9",
        "96.9",
        "215.3",
        "213.8",
        "268.1",
        "0.0"
    ]
]