[
    [
        "0.0",
        "173.1",
        "55.4",
        "157.3",
        "108.9",
        "140.3",
        "149.7"
    ],
    [
        "173.1",
        "0.0",
        "206.8",
        "40.0",
        "74.7",
        "97.1",
        "176.1"
    ],
    [
        "55.4",
        "206.8",
        "0.0",
        "192.2",
        "140.3",
        "195.3",
        "95.9"
    ],
    [
        "157.3",
        "40.0",
        "192.2",
        "0.0",
        "55.3",
        "131.6",
        "213.7"
    ],
    [
        "108.9",
        "74.7",
        "140.3",
        "55.3",
        "0.0",
        "131.6",
        "212.6"
    ],
    [
        "140.3",
        "97.1",
        "195.3",
        "131.6",
        "131.6",
        "0.0",
        "267.5"
    ],
    [
        "149.7",
        "176.1",
        "95.9",
        "213.7",
        "212.6",
        "267.5",
        "0.0"
    ]
]