[
    [
        "0.0",
        "174.7",
        "56.2",
        "159.8",
        "111.9",
        "141.0",
        "151.8"
    ],
    [
        "174.7",
        "0.0",
        "214.8",
        "41.6",
        "75.9",
        "98.0",
        "185.9"
    ],
    [
        "56.2",
        "214.8",
        "0.0",
        "193.1",
        "148.6",
        "196.2",
        "97.3"
    ],
    [
        "159.8",
        "41.6",
        "193.1",
        "0.0",
        "55.7",
        "132.7",
        "216.5"
    ],
    [
        "111.9",
        "75.9",
        "148.6",
        "55.7",
        "0.0",
        "132.7",
        "215.3"
    ],
    [
        "141.0",
        "98.0",
        "196.2",
        "132.7",
        "132.7",
        "0.0",
        "268.4"
    ],
    [
        "151.8",
        "185.9",
        "97.3",
        "216.5",
        "215.3",
        "268.4",
        "0.0"
    ]
]