[
    [
        "0.0",
        "174.8",
        "56.2",
        "160.0",
        "112.1",
        "141.1",
        "151.9"
    ],
    [
        "174.8",
        "0.0",
        "215.4",
        "41.7",
        "76.0",
        "98.1",
        "187.0"
    ],
    [
        "56.2",
        "215.4",
        "0.0",
        "193.1",
        "149.4",
        "196.2",
        "97.4"
    ],
    [
        "160.0",
        "41.7",
        "193.1",
        "0.0",
        "55.7",
        "132.7",
        "216.6"
    ],
    [
        "112.1",
        "76.0",
        "149.4",
        "55.7",
        "0.0",
        "132.7",
        "215.5"
    ],
    [
        "141.1",
        "98.1",
        "196.2",
        "132.7",
        "132.7",
        "0.0",
        "268.4"
    ],
    [
        "151.9",
        "187.0",
        "97.4",
        "216.6",
        "215.5",
        "268.4",
        "0.0"
    ]
]