[
    [
        "0.0",
        "172.5",
        "54.5",
        "156.6",
        "108.7",
        "140.0",
        "148.9"
    ],
    [
        "172.5",
        "0.0",
        "205.5",
        "39.6",
        "73.8",
        "96.6",
        "175.2"
    ],
    [
        "54.5",
        "205.5",
        "0.0",
        "189.9",
        "138.2",
        "194.4",
        "94.6"
    ],
    [
        "156.6",
        "39.6",
        "189.9",
        "0.0",
        "55.1",
        "131.1",
        "212.8"
    ],
    [
        "108.7",
        "73.8",
        "138.2",
        "55.1",
        "0.0",
        "131.1",
        "212.1"
    ],
    [
        "140.0",
        "96.6",
        "194.4",
        "131.1",
        "131.1",
        "0.0",
        "267.0"
    ],
    [
        "148.9",
        "175.2",
        "94.6",
        "212.8",
        "212.1",
        "267.0",
        "0.0"
    ]
]