[
    [
        "0.0",
        "172.5",
        "54.6",
        "156.7",
        "108.7",
        "140.0",
        "148.9"
    ],
    [
        "172.5",
        "0.0",
        "205.5",
        "39.6",
        "73.8",
        "96.7",
        "175.2"
    ],
    [
        "54.6",
        "205.5",
        "0.0",
        "190.1",
        "138.3",
        "194.5",
        "94.7"
    ],
    [
        "156.7",
        "39.6",
        "190.1",
        "0.0",
        "55.1",
        "131.1",
        "212.9"
    ],
    [
        "108.7",
        "73.8",
        "138.3",
        "55.1",
        "0.0",
        "131.1",
        "212.1"
    ],
    [
        "140.0",
        "96.7",
        "194.5",
        "131.1",
        "131.1",
        "0.0",
        "267.0"
    ],
    [
        "148.9",
        "175.2",
        "94.7",
        "212.9",
        "212.1",
        "267.0",
        "0.0"
    ]
]