[
    [
        "0.0",
        "169.8",
        "52.4",
        "155.4",
        "107.8",
        "138.9",
        "147.4"
    ],
    [
        "169.8",
        "0.0",
        "202.5",
        "37.0",
        "70.5",
        "94.5",
        "171.8"
    ],
    [
        "52.4",
        "202.5",
        "0.0",
        "184.0",
        "132.6",
        "188.3",
        "89.1"
    ],
    [
        "155.4",
        "37.0",
        "184.0",
        "0.0",
        "52.8",
        "128.4",
        "208.9"
    ],
    [
        "107.8",
        "70.5",
        "132.6",
        "52.8",
        "0.0",
        "128.4",
        "209.9"
    ],
    [
        "138.9",
        "94.5",
        "188.3",
        "128.4",
        "128.4",
        "0.0",
        "265.5"
    ],
    [
        "147.4",
        "171.8",
        "89.1",
        "208.9",
        "209.9",
        "265.5",
        "0.0"
    ]
]