[
    [
        "0.0",
        "175.3",
        "56.3",
        "160.3",
        "112.4",
        "141.3",
        "152.1"
    ],
    [
        "175.3",
        "0.0",
        "217.2",
        "41.9",
        "76.4",
        "98.6",
        "192.3"
    ],
    [
        "56.3",
        "217.2",
        "0.0",
        "193.1",
        "153.9",
        "196.3",
        "97.5"
    ],
    [
        "160.3",
        "41.9",
        "193.1",
        "0.0",
        "55.8",
        "132.9",
        "217.0"
    ],
    [
        "112.4",
        "76.4",
        "153.9",
        "55.8",
        "0.0",
        "132.9",
        "216.7"
    ],
    [
        "141.3",
        "98.6",
        "196.3",
        "132.9",
        "132.9",
        "0.0",
        "268.6"
    ],
    [
        "152.1",
        "192.3",
        "97.5",
        "217.0",
        "216.7",
        "268.6",
        "0.0"
    ]
]