[
    [
        "0.0",
        "173.0",
        "55.2",
        "157.1",
        "108.8",
        "140.2",
        "149.5"
    ],
    [
        "173.0",
        "0.0",
        "206.4",
        "39.9",
        "74.5",
        "96.9",
        "175.8"
    ],
    [
        "55.2",
        "206.4",
        "0.0",
        "191.8",
        "139.7",
        "195.1",
        "95.7"
    ],
    [
        "157.1",
        "39.9",
        "191.8",
        "0.0",
        "55.3",
        "131.4",
        "213.5"
    ],
    [
        "108.8",
        "74.5",
        "139.7",
        "55.3",
        "0.0",
        "131.4",
        "212.5"
    ],
    [
        "140.2",
        "96.9",
        "195.1",
        "131.4",
        "131.4",
        "0.0",
        "267.4"
    ],
    [
        "149.5",
        "175.8",
        "95.7",
        "213.5",
        "212.5",
        "267.4",
        "0.0"
    ]
]