[
    [
        "0.0",
        "173.0",
        "55.3",
        "157.1",
        "108.8",
        "140.2",
        "149.6"
    ],
    [
        "173.0",
        "0.0",
        "206.5",
        "39.9",
        "74.5",
        "97.0",
        "175.9"
    ],
    [
        "55.3",
        "206.5",
        "0.0",
        "192.0",
        "139.9",
        "195.2",
        "95.8"
    ],
    [
        "157.1",
        "39.9",
        "192.0",
        "0.0",
        "55.3",
        "131.5",
        "213.5"
    ],
    [
        "108.8",
        "74.5",
        "139.9",
        "55.3",
        "0.0",
        "131.5",
        "212.5"
    ],
    [
        "140.2",
        "97.0",
        "195.2",
        "131.5",
        "131.5",
        "0.0",
        "267.4"
    ],
    [
        "149.6",
        "175.9",
        "95.8",
        "213.5",
        "212.5",
        "267.4",
        "0.0"
    ]
]