[
    [
        "0.0",
        "173.9",
        "55.9",
        "158.6",
        "110.3",
        "140.7",
        "151.0"
    ],
    [
        "173.9",
        "0.0",
        "210.5",
        "40.8",
        "75.4",
        "97.6",
        "179.6"
    ],
    [
        "55.9",
        "210.5",
        "0.0",
        "192.9",
        "144.0",
        "196.0",
        "96.8"
    ],
    [
        "158.6",
        "40.8",
        "192.9",
        "0.0",
        "55.6",
        "132.2",
        "215.3"
    ],
    [
        "110.3",
        "75.4",
        "144.0",
        "55.6",
        "0.0",
        "132.2",
        "213.8"
    ],
    [
        "140.7",
        "97.6",
        "196.0",
        "132.2",
        "132.2",
        "0.0",
        "268.0"
    ],
    [
        "151.0",
        "179.6",
        "96.8",
        "215.3",
        "213.8",
        "268.0",
        "0.0"
    ]
]