[
    [
        "0.0",
        "173.3",
        "55.5",
        "157.4",
        "108.9",
        "140.3",
        "149.9"
    ],
    [
        "173.3",
        "0.0",
        "207.1",
        "40.1",
        "74.9",
        "97.1",
        "176.3"
    ],
    [
        "55.5",
        "207.1",
        "0.0",
        "192.5",
        "140.8",
        "195.5",
        "96.2"
    ],
    [
        "157.4",
        "40.1",
        "192.5",
        "0.0",
        "55.4",
        "131.7",
        "213.9"
    ],
    [
        "108.9",
        "74.9",
        "140.8",
        "55.4",
        "0.0",
        "131.7",
        "212.8"
    ],
    [
        "140.3",
        "97.1",
        "195.5",
        "131.7",
        "131.7",
        "0.0",
        "267.6"
    ],
    [
        "149.9",
        "176.3",
        "96.2",
        "213.9",
        "212.8",
        "267.6",
        "0.0"
    ]
]