[
    [
        "0.0",
        "172.0",
        "53.8",
        "156.2",
        "108.6",
        "139.8",
        "148.4"
    ],
    [
        "172.0",
        "0.0",
        "204.7",
        "39.3",
        "73.0",
        "96.3",
        "174.7"
    ],
    [
        "53.8",
        "204.7",
        "0.0",
        "187.5",
        "136.9",
        "193.4",
        "93.4"
    ],
    [
        "156.2",
        "39.3",
        "187.5",
        "0.0",
        "54.9",
        "130.8",
        "212.2"
    ],
    [
        "108.6",
        "73.0",
        "136.9",
        "54.9",
        "0.0",
        "130.8",
        "211.7"
    ],
    [
        "139.8",
        "96.3",
        "193.4",
        "130.8",
        "130.8",
        "0.0",
        "266.5"
    ],
    [
        "148.4",
        "174.7",
        "93.4",
        "212.2",
        "211.7",
        "266.5",
        "0.0"
    ]
]