[
    [
        "0.0",
        "169.9",
        "52.5",
        "155.5",
        "107.9",
        "139.0",
        "147.5"
    ],
    [
        "169.9",
        "0.0",
        "202.7",
        "37.1",
        "70.7",
        "94.5",
        "172.1"
    ],
    [
        "52.5",
        "202.7",
        "0.0",
        "184.2",
        "132.7",
        "188.4",
        "89.3"
    ],
    [
        "155.5",
        "37.1",
        "184.2",
        "0.0",
        "53.0",
        "128.5",
        "209.0"
    ],
    [
        "107.9",
        "70.7",
        "132.7",
        "53.0",
        "0.0",
        "128.5",
        "210.0"
    ],
    [
        "139.0",
        "94.5",
        "188.4",
        "128.5",
        "128.5",
        "0.0",
        "265.5"
    ],
    [
        "147.5",
        "172.1",
        "89.3",
        "209.0",
        "210.0",
        "265.5",
        "0.0"
    ]
]