[
    [
        "0.0",
        "174.1",
        "56.0",
        "159.0",
        "110.7",
        "140.7",
        "151.2"
    ],
    [
        "174.1",
        "0.0",
        "211.5",
        "41.0",
        "75.5",
        "97.7",
        "181.0"
    ],
    [
        "56.0",
        "211.5",
        "0.0",
        "193.0",
        "144.9",
        "196.1",
        "96.9"
    ],
    [
        "159.0",
        "41.0",
        "193.0",
        "0.0",
        "55.6",
        "132.3",
        "215.6"
    ],
    [
        "110.7",
        "75.5",
        "144.9",
        "55.6",
        "0.0",
        "132.3",
        "214.1"
    ],
    [
        "140.7",
        "97.7",
        "196.1",
        "132.3",
        "132.3",
        "0.0",
        "268.1"
    ],
    [
        "151.2",
        "181.0",
        "96.9",
        "215.6",
        "214.1",
        "268.1",
        "0.0"
    ]
]