[
    [
        "0.0",
        "173.5",
        "55.7",
        "157.7",
        "109.1",
        "140.5",
        "150.2"
    ],
    [
        "173.5",
        "0.0",
        "207.9",
        "40.3",
        "75.1",
        "97.3",
        "176.9"
    ],
    [
        "55.7",
        "207.9",
        "0.0",
        "192.7",
        "141.8",
        "195.7",
        "96.5"
    ],
    [
        "157.7",
        "40.3",
        "192.7",
        "0.0",
        "55.4",
        "131.8",
        "214.3"
    ],
    [
        "109.1",
        "75.1",
        "141.8",
        "55.4",
        "0.0",
        "131.8",
        "213.0"
    ],
    [
        "140.5",
        "97.3",
        "195.7",
        "131.8",
        "131.8",
        "0.0",
        "267.8"
    ],
    [
        "150.2",
        "176.9",
        "96.5",
        "214.3",
        "213.0",
        "267.8",
        "0.0"
    ]
]