[
    [
        "0.0",
        "175.2",
        "56.3",
        "160.2",
        "112.3",
        "141.2",
        "152.0"
    ],
    [
        "175.2",
        "0.0",
        "216.7",
        "41.9",
        "76.3",
        "98.4",
        "190.6"
    ],
    [
        "56.3",
        "216.7",
        "0.0",
        "193.1",
        "152.4",
        "196.3",
        "97.5"
    ],
    [
        "160.2",
        "41.9",
        "193.1",
        "0.0",
        "55.8",
        "132.8",
        "216.9"
    ],
    [
        "112.3",
        "76.3",
        "152.4",
        "55.8",
        "0.0",
        "132.8",
        "216.3"
    ],
    [
        "141.2",
        "98.4",
        "196.3",
        "132.8",
        "132.8",
        "0.0",
        "268.6"
    ],
    [
        "152.0",
        "190.6",
        "97.5",
        "216.9",
        "216.3",
        "268.6",
        "0.0"
    ]
]