[
    [
        "0.0",
        "173.7",
        "55.8",
        "158.2",
        "109.6",
        "140.6",
        "150.6"
    ],
    [
        "173.7",
        "0.0",
        "209.1",
        "40.5",
        "75.3",
        "97.4",
        "178.1"
    ],
    [
        "55.8",
        "209.1",
        "0.0",
        "192.8",
        "142.9",
        "195.9",
        "96.7"
    ],
    [
        "158.2",
        "40.5",
        "192.8",
        "0.0",
        "55.5",
        "132.0",
        "214.8"
    ],
    [
        "109.6",
        "75.3",
        "142.9",
        "55.5",
        "0.0",
        "132.0",
        "213.4"
    ],
    [
        "140.6",
        "97.4",
        "195.9",
        "132.0",
        "132.0",
        "0.0",
        "267.9"
    ],
    [
        "150.6",
        "178.1",
        "96.7",
        "214.8",
        "213.4",
        "267.9",
        "0.0"
    ]
]